      1,      -653.3474
      2,      -637.1143
      3,      -637.9234
      4,      -638.8183
      5,      -639.9186
      6,      -641.4319
      7,      -642.3109
      8,      -642.8544
      9,      -644.0856
     10,      -645.2017
     11,      -647.0210
     12,      -648.4866
     13,      -650.5955
     14,      -652.2733
     15,      -653.6025
     16,      -654.3384
     17,      -655.7427
     18,      -655.1108
     19,      -646.5354
     20,      -646.3806
     21,      -647.1312
     22,      -631.9140
     23,      -621.4013
     24,      -621.6122
     25,      -623.5084
     26,      -625.3065
     27,      -627.1079
     28,      -627.9579
     29,      -628.6010
     30,      -629.9909
     31,      -631.3827
     32,      -632.8105
     33,      -634.2824
     34,      -624.8886
     35,      -615.5740
     36,      -616.1528
     37,      -617.8517
     38,      -619.0004
     39,      -618.9893
     40,      -620.8761
     41,      -622.8805
     42,      -624.0059
     43,      -625.6291
     44,      -627.4081
     45,      -629.3312
     46,      -630.8422
     47,      -632.1341
     48,      -633.4185
     49,      -634.9114
     50,      -636.5338
     51,      -638.4926
     52,      -639.8148
     53,      -640.6053
     54,      -640.5932
     55,      -641.4373
     56,      -642.8606
     57,      -643.8621
     58,      -645.1154
     59,      -645.7554
     60,      -643.9881
     61,      -644.8722
     62,      -646.1013
     63,      -647.6362
     64,      -649.2160
     65,      -650.6352
     66,      -651.7531
     67,      -643.0248
     68,      -643.8356
     69,      -644.1114
     70,      -644.6451
     71,      -645.8107
     72,      -647.1570
     73,      -648.7799
     74,      -647.1715
     75,      -646.5832
     76,      -647.5974
     77,      -649.2372
     78,      -651.1583
     79,      -650.9849
     80,      -650.9268
     81,      -652.3346
     82,      -650.8964
     83,      -648.6675
     84,      -649.6979
     85,      -651.8995
     86,      -653.4495
     87,      -654.4454
     88,      -655.5571
     89,      -657.4341
     90,      -659.8919
     91,      -662.2589
     92,      -663.4439
     93,      -664.4172
     94,      -665.8283
     95,      -667.4626
     96,      -668.9752
     97,      -669.8732
     98,      -670.5987
     99,      -671.6351
    100,      -672.5946
    101,      -673.4542
    102,      -674.4692
    103,      -675.6291
    104,      -676.5300
    105,      -677.2088
    106,      -676.9778
    107,      -660.6548
    108,      -661.0853
    109,      -662.0720
    110,      -662.9278
    111,      -664.4274
    112,      -657.7514
    113,      -644.0236
    114,      -646.7612
    115,      -649.2160
    116,      -651.6392
    117,      -653.6865
    118,      -656.2260
    119,      -659.4222
    120,      -661.2236
    121,      -662.3004
    122,      -663.3287
    123,      -663.1040
    124,      -664.5687
    125,      -666.4835
    126,      -668.7762
    127,      -670.7243
    128,      -672.0522
    129,      -673.5952
    130,      -675.2107
    131,      -676.4394
    132,      -677.5312
    133,      -678.1969
    134,      -679.0730
    135,      -679.5763
    136,      -680.0903
    137,      -680.8650
    138,      -681.9062
    139,      -682.7481
    140,      -683.3820
    141,      -684.1130
    142,      -684.9675
    143,      -685.8041
    144,      -686.5242
    145,      -686.9488
    146,      -687.4673
    147,      -688.0283
    148,      -688.2642
    149,      -687.7681
    150,      -688.2890
    151,      -688.8226
    152,      -689.3580
    153,      -689.8370
    154,      -690.2419
    155,      -690.5852
    156,      -691.0012
    157,      -691.4728
    158,      -691.8960
    159,      -692.2563
    160,      -692.5807
    161,      -692.9761
    162,      -693.3396
    163,      -693.7171
    164,      -693.9632
    165,      -694.1023
    166,      -694.2487
    167,      -694.5385
    168,      -694.8015
    169,      -694.9929
    170,      -695.2014
    171,      -695.3829
    172,      -695.5378
    173,      -695.6896
    174,      -695.8286
    175,      -695.9597
    176,      -695.3353
    177,      -691.3970
    178,      -692.0068
    179,      -688.0399
    180,      -670.7602
    181,      -673.7681
    182,      -676.0049
    183,      -677.8385
    184,      -679.1061
    185,      -679.9788
    186,      -681.4568
    187,      -682.8441
    188,      -684.2693
    189,      -685.1766
    190,      -686.0536
    191,      -686.8797
    192,      -687.1184
    193,      -686.9504
    194,      -687.9431
    195,      -688.8354
    196,      -688.8636
    197,      -684.5166
    198,      -685.4157
    199,      -687.0948
    200,      -688.3364
    201,      -689.0056
    202,      -688.8382
    203,      -689.6306
    204,      -688.2662
    205,      -637.7288
    206,      -620.8383
    207,      -593.1558
    208,      -593.2143
    209,      -598.1820
    210,      -602.2004
    211,      -608.0909
    212,      -613.2582
    213,      -614.7628
    214,      -618.8129
    215,      -623.0508
    216,      -626.7728
    217,      -630.9121
    218,      -634.0989
    219,      -636.9067
    220,      -638.7709
    221,      -641.2927
    222,      -644.0488
    223,      -646.8684
    224,      -649.7374
    225,      -651.9418
    226,      -654.4099
    227,      -656.4665
    228,      -648.9694
    229,      -650.5053
    230,      -653.0176
    231,      -654.8753
    232,      -657.1298
    233,      -659.2029
    234,      -659.2515
    235,      -657.7336
    236,      -659.6794
    237,      -661.8037
    238,      -663.7108
    239,      -665.6082
    240,      -667.1684
    241,      -668.3343
    242,      -669.9561
    243,      -671.2134
    244,      -672.1994
    245,      -673.2919
    246,      -674.6732
    247,      -675.7468
    248,      -676.9886
    249,      -678.2375
    250,      -679.2937
    251,      -680.0396
    252,      -680.4469
    253,      -681.3180
    254,      -682.0707
    255,      -682.7605
    256,      -683.3797
    257,      -683.8938
    258,      -684.3892
    259,      -684.9399
    260,      -685.5625
    261,      -686.1089
    262,      -686.6109
    263,      -686.3622
    264,      -685.1011
    265,      -654.7067
    266,      -602.7362
    267,      -606.4173
    268,      -610.3497
    269,      -615.8034
    270,      -619.8647
    271,      -623.9048
    272,      -627.8952
    273,      -632.6490
    274,      -636.7996
    275,      -640.4866
    276,      -643.1678
    277,      -638.0427
    278,      -626.0164
    279,      -628.8059
    280,      -632.7457
    281,      -636.5633
    282,      -639.1921
    283,      -641.3774
    284,      -643.3715
    285,      -645.3355
    286,      -647.8317
    287,      -649.6548
    288,      -651.2823
    289,      -652.8691
    290,      -654.2609
    291,      -655.6587
    292,      -657.0030
    293,      -655.0726
    294,      -633.3014
    295,      -634.5057
    296,      -636.2208
    297,      -638.1151
    298,      -640.4758
    299,      -642.4982
    300,      -644.4196
    301,      -646.0546
    302,      -647.6802
    303,      -649.6376
    304,      -651.5823
    305,      -653.0151
    306,      -654.2505
    307,      -655.3045
    308,      -656.6774
    309,      -657.8757
    310,      -659.0549
    311,      -660.4037
    312,      -661.6708
    313,      -662.9959
    314,      -663.7588
    315,      -664.6234
    316,      -665.2457
    317,      -665.7324
    318,      -666.2320
    319,      -666.7510
    320,      -667.2777
    321,      -668.0101
    322,      -668.5380
    323,      -669.2054
    324,      -670.0602
    325,      -671.1035
    326,      -671.8885
    327,      -672.4288
    328,      -673.3113
    329,      -673.7728
    330,      -674.0778
    331,      -674.4377
    332,      -675.0814
    333,      -675.4724
    334,      -675.6506
    335,      -675.9233
    336,      -676.2310
    337,      -676.5184
    338,      -676.8522
    339,      -677.3005
    340,      -677.6076
    341,      -677.9680
    342,      -678.2821
    343,      -678.5420
    344,      -678.8592
    345,      -679.2128
    346,      -679.5025
    347,      -679.7411
    348,      -679.9878
    349,      -680.4968
    350,      -680.4621
    351,      -674.7302
    352,      -674.7889
    353,      -675.0107
    354,      -675.3707
    355,      -675.8784
    356,      -676.1531
    357,      -676.1723
    358,      -676.0219
    359,      -676.1566
    360,      -676.4197
    361,      -676.7071
    362,      -676.8428
    363,      -677.0206
    364,      -675.7625
    365,      -674.4426
    366,      -674.2526
    367,      -674.3351
    368,      -674.9222
    369,      -675.3571
    370,      -675.7652
    371,      -676.2110
    372,      -676.6266
    373,      -676.6526
    374,      -676.9288
    375,      -677.3111
    376,      -677.2939
    377,      -677.6706
    378,      -678.1263
    379,      -678.9525
    380,      -678.7625
    381,      -679.0156
    382,      -679.3793
    383,      -679.7681
    384,      -680.2085
    385,      -680.6903
    386,      -680.9398
    387,      -681.2493
    388,      -681.6074
    389,      -681.8502
    390,      -682.0616
    391,      -682.2488
    392,      -682.4761
    393,      -682.7093
    394,      -683.0009
    395,      -683.3195
    396,      -683.4662
    397,      -682.5308
    398,      -682.4068
    399,      -682.7568
    400,      -682.9315
    401,      -683.3577
    402,      -683.6423
    403,      -684.1384
    404,      -684.9236
    405,      -683.7429
    406,      -684.4890
    407,      -684.8152
    408,      -685.3633
    409,      -685.8901
    410,      -686.2962
    411,      -686.2110
    412,      -686.7529
    413,      -687.5546
    414,      -688.1103
    415,      -688.6579
    416,      -689.2254
    417,      -689.4572
    418,      -689.6653
    419,      -690.0203
    420,      -690.3499
    421,      -690.6231
    422,      -691.0549
    423,      -691.5610
    424,      -691.7523
    425,      -691.9312
    426,      -692.1624
    427,      -692.4711
    428,      -692.7578
    429,      -692.9763
    430,      -693.2634
    431,      -693.6257
    432,      -693.4289
    433,      -693.4785
    434,      -693.6749
    435,      -693.9247
    436,      -694.1994
    437,      -694.4662
    438,      -694.7216
    439,      -694.9417
    440,      -695.1162
    441,      -695.3936
    442,      -695.6746
    443,      -695.9841
    444,      -696.2449
    445,      -696.5812
    446,      -696.8488
    447,      -696.9496
    448,      -697.1138
    449,      -697.2749
    450,      -697.4166
    451,      -697.5418
    452,      -697.6765
    453,      -697.8120
    454,      -697.9182
    455,      -698.0393
    456,      -698.1671
    457,      -698.3018
    458,      -698.4978
    459,      -698.6341
    460,      -698.6926
    461,      -698.8311
    462,      -698.9139
    463,      -699.0308
    464,      -699.1687
    465,      -699.2354
    466,      -699.2673
    467,      -699.3496
    468,      -699.4421
    469,      -699.5447
    470,      -699.6087
    471,      -699.6555
    472,      -699.7175
    473,      -699.8267
    474,      -699.9211
    475,      -699.9810
    476,      -700.0495
    477,      -700.1247
    478,      -700.1800
    479,      -700.2358
    480,      -700.2881
    481,      -700.3420
    482,      -700.3811
    483,      -700.4006
    484,      -700.4621
    485,      -700.5261
    486,      -700.5350
    487,      -700.5225
    488,      -700.5290
    489,      -700.5792
    490,      -700.6143
    491,      -700.6607
    492,      -700.7061
    493,      -700.7604
    494,      -700.8337
    495,      -700.8914
    496,      -700.7009
    497,      -700.4990
    498,      -700.5825
    499,      -700.7119
    500,      -700.8286
    501,      -700.9267
    502,      -701.0137
    503,      -701.0745
    504,      -701.1113
    505,      -701.1296
    506,      -701.1743
    507,      -701.2150
    508,      -701.2598
    509,      -701.3312
    510,      -701.3847
    511,      -701.4306
    512,      -701.5110
    513,      -701.5838
    514,      -701.6569
    515,      -701.7199
    516,      -701.7468
    517,      -701.7886
    518,      -701.8425
    519,      -701.8796
    520,      -701.9086
    521,      -701.9335
    522,      -701.9565
    523,      -701.9774
    524,      -701.9941
    525,      -702.0099
    526,      -702.0159
    527,      -702.0259
    528,      -702.0457
    529,      -702.0663
    530,      -702.0855
    531,      -702.0930
    532,      -702.1081
    533,      -702.1331
    534,      -702.1541
    535,      -702.1860
    536,      -702.2061
    537,      -702.2075
    538,      -702.2076
    539,      -702.2183
    540,      -702.2358
    541,      -702.2485
    542,      -702.2587
    543,      -702.2715
    544,      -702.2910
    545,      -702.3073
    546,      -697.3218
    547,      -686.3018
    548,      -688.9890
    549,      -690.8762
    550,      -691.9880
    551,      -693.2270
    552,      -694.2092
    553,      -695.1677
    554,      -696.0159
    555,      -696.5855
    556,      -696.7020
    557,      -695.1324
    558,      -692.0311
    559,      -688.8615
    560,      -690.4387
    561,      -691.7005
    562,      -693.3203
    563,      -694.6049
    564,      -695.7021
    565,      -696.5301
    566,      -697.1301
    567,      -697.4753
    568,      -697.5583
    569,      -698.0850
    570,      -698.6011
    571,      -695.9614
    572,      -692.3605
    573,      -693.3259
    574,      -694.4231
    575,      -693.0547
    576,      -686.9509
    577,      -673.9073
    578,      -652.6707
    579,      -655.7810
    580,      -658.2988
    581,      -658.8007
    582,      -660.9083
    583,      -663.2069
    584,      -665.6797
    585,      -668.3912
    586,      -670.9147
    587,      -673.1856
    588,      -674.9066
    589,      -674.7238
    590,      -671.5275
    591,      -673.6536
    592,      -675.6744
    593,      -677.3381
    594,      -679.0328
    595,      -679.8987
    596,      -679.1833
    597,      -680.3109
    598,      -676.7597
    599,      -675.9410
    600,      -677.2705
    601,      -677.6311
    602,      -673.2631
    603,      -674.8380
    604,      -676.4592
    605,      -678.0021
    606,      -679.5054
    607,      -680.8398
    608,      -680.7868
    609,      -675.3648
    610,      -669.3618
    611,      -671.0899
    612,      -672.2311
    613,      -673.9468
    614,      -674.7496
    615,      -671.0173
    616,      -666.6287
    617,      -668.7061
    618,      -670.2137
    619,      -671.5685
    620,      -672.7322
    621,      -673.2226
    622,      -671.2986
    623,      -670.7032
    624,      -672.0301
    625,      -673.1347
    626,      -674.2325
    627,      -675.4268
    628,      -676.7083
    629,      -678.0406
    630,      -679.3288
    631,      -680.3649
    632,      -681.3563
    633,      -682.2943
    634,      -683.2726
    635,      -684.2167
    636,      -685.0938
    637,      -685.8506
    638,      -686.7529
    639,      -687.4585
    640,      -688.1486
    641,      -688.5714
    642,      -680.6056
    643,      -656.6155
    644,      -658.9677
    645,      -655.6786
    646,      -639.4261
    647,      -640.8647
    648,      -642.5606
    649,      -645.0328
    650,      -647.8161
    651,      -650.0571
    652,      -652.1502
    653,      -654.2712
    654,      -656.2631
    655,      -658.7427
    656,      -660.8702
    657,      -662.5404
    658,      -664.4576
    659,      -665.8434
    660,      -667.1871
    661,      -668.4406
    662,      -669.6718
    663,      -671.0843
    664,      -672.1830
    665,      -673.1779
    666,      -673.6794
    667,      -674.2678
    668,      -674.9668
    669,      -675.7681
    670,      -676.7749
    671,      -677.9162
    672,      -678.4493
    673,      -679.1960
    674,      -676.9227
    675,      -676.0197
    676,      -676.5996
    677,      -677.1628
    678,      -677.5358
    679,      -677.8973
    680,      -678.3273
    681,      -679.0378
    682,      -679.7426
    683,      -680.0475
    684,      -680.4080
    685,      -680.9062
    686,      -681.4556
    687,      -682.0549
    688,      -682.6949
    689,      -683.3934
    690,      -683.8714
    691,      -684.0543
    692,      -684.2979
    693,      -684.5727
    694,      -683.6949
    695,      -683.4317
    696,      -683.7530
    697,      -684.0942
    698,      -684.5416
    699,      -684.9285
    700,      -685.5656
    701,      -683.2891
    702,      -674.0632
    703,      -673.5729
    704,      -673.4834
    705,      -673.3559
    706,      -673.7757
    707,      -674.1405
    708,      -674.6365
    709,      -674.5768
    710,      -675.2632
    711,      -671.6721
    712,      -648.9113
    713,      -644.6226
    714,      -645.1989
    715,      -646.0334
    716,      -646.8542
    717,      -647.4352
    718,      -614.9457
    719,      -608.3153
    720,      -609.3292
    721,      -610.9903
    722,      -613.1179
    723,      -614.8890
    724,      -616.7139
    725,      -618.7653
    726,      -620.8481
    727,      -623.0835
    728,      -624.0291
    729,      -625.4802
    730,      -627.1788
    731,      -629.1217
    732,      -630.5063
    733,      -631.7690
    734,      -633.0647
    735,      -634.3564
    736,      -635.5893
    737,      -637.0931
    738,      -638.5713
    739,      -639.6691
    740,      -640.6761
    741,      -641.7623
    742,      -642.9651
    743,      -643.9413
    744,      -644.9936
    745,      -645.9832
    746,      -647.2305
    747,      -648.3207
    748,      -649.2208
    749,      -650.3085
    750,      -651.6842
    751,      -652.9987
    752,      -654.4650
    753,      -655.3221
    754,      -646.3371
    755,      -638.0572
    756,      -638.9710
    757,      -640.3756
    758,      -641.8043
    759,      -642.9893
    760,      -644.3038
    761,      -645.7538
    762,      -646.8914
    763,      -648.3594
    764,      -649.4134
    765,      -650.5364
    766,      -651.7867
    767,      -652.8410
    768,      -653.7032
    769,      -654.4211
    770,      -652.8068
    771,      -652.9401
    772,      -653.7245
    773,      -654.6005
    774,      -655.2122
    775,      -656.1143
    776,      -657.1206
    777,      -657.9669
    778,      -658.5998
    779,      -658.9742
    780,      -659.7670
    781,      -660.6697
    782,      -661.4409
    783,      -662.3018
    784,      -663.5669
    785,      -664.6779
    786,      -665.4774
    787,      -666.5399
    788,      -667.5302
    789,      -668.7643
    790,      -669.3986
    791,      -670.2881
    792,      -671.1179
    793,      -671.6583
    794,      -672.1767
    795,      -672.7564
    796,      -673.6628
    797,      -674.8348
    798,      -675.5557
    799,      -675.8171
    800,      -675.9800
    801,      -676.0360
    802,      -676.6846
    803,      -677.3732
    804,      -678.0740
    805,      -678.6174
    806,      -679.2937
    807,      -680.1553
    808,      -681.1783
    809,      -681.6558
    810,      -681.9067
    811,      -682.2507
    812,      -682.6045
    813,      -682.9963
    814,      -683.4385
    815,      -684.0081
    816,      -684.7991
    817,      -685.3142
    818,      -685.7319
    819,      -686.1563
    820,      -686.5436
    821,      -686.9053
    822,      -687.4026
    823,      -686.3262
    824,      -646.5471
    825,      -630.4329
    826,      -632.7380
    827,      -636.3680
    828,      -639.3668
    829,      -643.0208
    830,      -645.8267
    831,      -648.0885
    832,      -651.3702
    833,      -654.4153
    834,      -656.6639
    835,      -659.0663
    836,      -660.6251
    837,      -661.8867
    838,      -663.3345
    839,      -665.3143
    840,      -667.1171
    841,      -668.3551
    842,      -669.4407
    843,      -670.7596
    844,      -672.1630
    845,      -673.2418
    846,      -674.3332
    847,      -675.4316
    848,      -676.5909
    849,      -677.4319
    850,      -678.2463
    851,      -678.9157
    852,      -679.6654
    853,      -680.5509
    854,      -681.4720
    855,      -682.2241
    856,      -682.9170
    857,      -683.6197
    858,      -684.3079
    859,      -684.7964
    860,      -684.6409
    861,      -684.1257
    862,      -684.5596
    863,      -685.1119
    864,      -685.5742
    865,      -685.3887
    866,      -685.8423
    867,      -686.5537
    868,      -687.4169
    869,      -688.1562
    870,      -688.7762
    871,      -689.1877
    872,      -689.6582
    873,      -690.2268
    874,      -690.8130
    875,      -691.4388
    876,      -691.9399
    877,      -692.4372
    878,      -692.7847
    879,      -692.9774
    880,      -693.1541
    881,      -693.3813
    882,      -693.6176
    883,      -693.8693
    884,      -694.1425
    885,      -694.3628
    886,      -694.5394
    887,      -694.6970
    888,      -694.8696
    889,      -695.0457
    890,      -695.2245
    891,      -695.4248
    892,      -695.6218
    893,      -695.7422
    894,      -695.8895
    895,      -696.0330
    896,      -696.1785
    897,      -696.3176
    898,      -696.4387
    899,      -696.5294
    900,      -696.6389
    901,      -696.7874
    902,      -696.9134
    903,      -693.3766
    904,      -669.8856
    905,      -674.7148
    906,      -677.8736
    907,      -680.8278
    908,      -683.2408
    909,      -685.1182
    910,      -686.5806
    911,      -687.9246
    912,      -689.2855
    913,      -690.5449
    914,      -691.4710
    915,      -689.9623
    916,      -688.9966
    917,      -654.7485
    918,      -601.5226
    919,      -606.1436
    920,      -610.6406
    921,      -605.9013
    922,      -588.5527
    923,      -595.2012
    924,      -602.5088
    925,      -609.3852
    926,      -616.6548
    927,      -623.4260
    928,      -628.7063
    929,      -633.1019
    930,      -630.2573
    931,      -608.1113
    932,      -613.9340
    933,      -619.4374
    934,      -619.2464
    935,      -617.6887
    936,      -622.3600
    937,      -626.7317
    938,      -631.5312
    939,      -636.0034
    940,      -639.7922
    941,      -642.8906
    942,      -646.0920
    943,      -649.2446
    944,      -652.0757
    945,      -654.3792
    946,      -656.2833
    947,      -657.4496
    948,      -640.2228
    949,      -634.7828
    950,      -638.3403
    951,      -640.1164
    952,      -644.2617
    953,      -648.4224
    954,      -652.1030
    955,      -655.1108
    956,      -657.6304
    957,      -660.0336
    958,      -661.9630
    959,      -663.9964
    960,      -665.5895
    961,      -666.3652
    962,      -655.0168
    963,      -657.6841
    964,      -659.3022
    965,      -659.0056
    966,      -658.9831
    967,      -660.4007
    968,      -662.0217
    969,      -663.8597
    970,      -665.9067
    971,      -667.8267
    972,      -669.4630
    973,      -671.1221
    974,      -672.7260
    975,      -674.1636
    976,      -675.4279
    977,      -676.6556
    978,      -677.8976
    979,      -678.9517
    980,      -676.8997
    981,      -665.1549
    982,      -663.9252
    983,      -663.0058
    984,      -661.7377
    985,      -662.6589
    986,      -661.7075
    987,      -644.5871
    988,      -638.8560
    989,      -641.4152
    990,      -643.7643
    991,      -646.8116
    992,      -649.9253
    993,      -652.2573
    994,      -654.6395
    995,      -656.9194
    996,      -658.9688
    997,      -661.4617
    998,      -663.8889
    999,      -665.5898
   1000,      -666.6193
   1001,      -666.1288
   1002,      -659.2242
   1003,      -649.3375
   1004,      -651.3524
   1005,      -653.4754
   1006,      -655.5231
   1007,      -657.7691
   1008,      -660.2886
   1009,      -662.6992
   1010,      -664.5359
   1011,      -665.7516
   1012,      -666.6595
   1013,      -667.9613
   1014,      -669.2781
   1015,      -670.6780
   1016,      -672.0994
   1017,      -673.2995
   1018,      -674.0555
   1019,      -674.6831
   1020,      -675.4327
   1021,      -676.5219
   1022,      -677.4808
   1023,      -678.1764
   1024,      -678.8082
   1025,      -679.4879
   1026,      -680.2358
   1027,      -680.9146
   1028,      -681.6743
   1029,      -682.4068
   1030,      -682.7648
   1031,      -683.0552
   1032,      -683.3210
   1033,      -683.6585
   1034,      -684.0603
   1035,      -684.4583
   1036,      -684.8091
   1037,      -685.2173
   1038,      -685.5520
   1039,      -685.8418
   1040,      -686.1620
   1041,      -686.4551
   1042,      -686.7041
   1043,      -686.9966
   1044,      -687.2966
   1045,      -687.6528
   1046,      -687.8625
   1047,      -688.0218
   1048,      -688.1728
   1049,      -688.3323
   1050,      -688.5004
   1051,      -688.7290
   1052,      -688.9839
   1053,      -687.2092
   1054,      -686.8540
   1055,      -687.0506
   1056,      -687.2327
   1057,      -687.4044
   1058,      -687.6808
   1059,      -687.8599
   1060,      -688.0297
   1061,      -688.2953
   1062,      -688.5333
   1063,      -688.6834
   1064,      -688.8680
   1065,      -689.0718
   1066,      -689.3306
   1067,      -689.5711
   1068,      -689.9357
   1069,      -690.1416
   1070,      -690.2902
   1071,      -690.5056
   1072,      -690.7146
   1073,      -690.8896
   1074,      -691.1040
   1075,      -691.2392
   1076,      -691.3367
   1077,      -691.4457
   1078,      -691.5986
   1079,      -678.6689
   1080,      -672.0647
   1081,      -668.3308
   1082,      -668.6641
   1083,      -668.9494
   1084,      -669.5446
   1085,      -670.0878
   1086,      -670.4442
   1087,      -670.7957
   1088,      -671.2341
   1089,      -671.5071
   1090,      -671.0986
   1091,      -671.5373
   1092,      -672.0527
   1093,      -672.4249
   1094,      -672.7833
   1095,      -673.1710
   1096,      -673.5894
   1097,      -673.9808
   1098,      -674.2547
   1099,      -674.4517
   1100,      -674.1790
   1101,      -674.8465
   1102,      -675.5942
   1103,      -676.8173
   1104,      -676.4993
   1105,      -676.8973
   1106,      -677.3006
   1107,      -677.9708
   1108,      -677.7294
   1109,      -677.9549
   1110,      -678.7104
   1111,      -679.0933
   1112,      -679.4052
   1113,      -679.6872
   1114,      -680.1055
   1115,      -680.8395
   1116,      -681.0686
   1117,      -681.5726
   1118,      -681.9524
   1119,      -682.2661
   1120,      -682.6931
   1121,      -683.0319
   1122,      -682.6336
   1123,      -682.2837
   1124,      -682.7220
   1125,      -682.5107
   1126,      -682.7894
   1127,      -683.0427
   1128,      -683.2642
   1129,      -683.5256
   1130,      -683.7819
   1131,      -683.9908
   1132,      -684.2748
   1133,      -684.5852
   1134,      -684.9061
   1135,      -685.4066
   1136,      -686.1047
   1137,      -686.3862
   1138,      -686.5937
   1139,      -686.8210
   1140,      -687.0361
   1141,      -687.2558
   1142,      -687.5078
   1143,      -687.7759
   1144,      -688.0782
   1145,      -688.5776
   1146,      -688.8794
   1147,      -689.1978
   1148,      -684.8321
   1149,      -682.4537
   1150,      -682.8616
   1151,      -682.2143
   1152,      -681.0400
   1153,      -681.4653
   1154,      -682.0044
   1155,      -682.2986
   1156,      -682.7065
   1157,      -683.0987
   1158,      -683.6894
   1159,      -684.4811
   1160,      -685.0014
   1161,      -685.7054
   1162,      -686.3560
   1163,      -684.6186
   1164,      -675.8470
   1165,      -676.4827
   1166,      -676.9125
   1167,      -677.5995
   1168,      -678.3325
   1169,      -679.0272
   1170,      -679.7374
   1171,      -680.6797
   1172,      -681.6332
   1173,      -682.7959
   1174,      -683.6656
   1175,      -684.2438
   1176,      -685.0803
   1177,      -685.8279
   1178,      -686.4605
   1179,      -686.9041
   1180,      -687.2505
   1181,      -687.7104
   1182,      -688.3853
   1183,      -688.9655
   1184,      -689.4542
   1185,      -689.8878
   1186,      -690.3030
   1187,      -690.7324
   1188,      -691.1621
   1189,      -690.8931
   1190,      -691.1727
   1191,      -691.7417
   1192,      -692.2708
   1193,      -692.7514
   1194,      -693.2722
   1195,      -691.2156
   1196,      -686.2881
   1197,      -686.5935
   1198,      -687.1873
   1199,      -687.8732
   1200,      -688.9412
   1201,      -690.1026
   1202,      -691.2446
   1203,      -692.2313
   1204,      -692.6419
   1205,      -692.9827
   1206,      -693.4567
   1207,      -693.8892
   1208,      -694.3952
   1209,      -694.9088
   1210,      -695.2325
   1211,      -695.7033
   1212,      -696.1104
   1213,      -696.3875
   1214,      -696.6009
   1215,      -696.8325
   1216,      -697.1439
   1217,      -697.4504
   1218,      -697.6765
   1219,      -697.8403
   1220,      -698.0795
   1221,      -698.3635
   1222,      -698.5853
   1223,      -698.7136
   1224,      -698.8654
   1225,      -698.9768
   1226,      -699.0864
   1227,      -699.1464
   1228,      -699.2202
   1229,      -699.3760
   1230,      -699.5696
   1231,      -699.7130
   1232,      -699.8821
   1233,      -700.0165
   1234,      -700.1529
   1235,      -700.2532
   1236,      -700.3594
   1237,      -700.4525
   1238,      -700.5258
   1239,      -700.6343
   1240,      -700.7613
   1241,      -700.8826
   1242,      -700.9881
   1243,      -701.0740
   1244,      -701.1431
   1245,      -701.2258
   1246,      -701.3222
   1247,      -701.4051
   1248,      -701.4688
   1249,      -701.5370
   1250,      -701.5970
   1251,      -701.6450
   1252,      -701.6833
   1253,      -701.7203
   1254,      -701.7589
   1255,      -701.8157
   1256,      -701.8640
   1257,      -701.9090
   1258,      -701.9524
   1259,      -701.9828
   1260,      -702.0316
   1261,      -702.0677
   1262,      -702.0974
   1263,      -702.1199
   1264,      -702.1348
   1265,      -702.1647
   1266,      -702.2073
   1267,      -702.2519
   1268,      -702.2950
   1269,      -702.3270
   1270,      -702.3533
   1271,      -702.3802
   1272,      -702.4004
   1273,      -702.4136
   1274,      -702.4333
   1275,      -702.4704
   1276,      -701.5991
   1277,      -696.0566
   1278,      -693.4734
   1279,      -694.4366
   1280,      -682.0725
   1281,      -617.4414
   1282,      -623.2253
   1283,      -627.9794
   1284,      -632.6963
   1285,      -633.0674
   1286,      -629.2712
   1287,      -634.6775
   1288,      -613.3987
   1289,      -617.3453
   1290,      -618.2723
   1291,      -610.3317
   1292,      -598.8008
   1293,      -604.1523
   1294,      -598.6383
   1295,      -603.9140
   1296,      -608.7840
   1297,      -613.9560
   1298,      -618.6953
   1299,      -620.5300
   1300,      -617.6906
   1301,      -600.5297
   1302,      -597.6088
   1303,      -589.3642
   1304,      -499.3586
   1305,      -508.8539
   1306,      -520.4231
   1307,      -532.7583
   1308,      -544.2307
   1309,      -553.8554
   1310,      -560.7472
   1311,      -567.0253
   1312,      -573.2219
   1313,      -574.6266
   1314,      -580.8248
   1315,      -585.8179
   1316,      -590.6614
   1317,      -595.8247
   1318,      -599.6438
   1319,      -598.6269
   1320,      -574.2217
   1321,      -569.8217
   1322,      -573.4998
   1323,      -577.0482
   1324,      -583.8110
   1325,      -590.1216
   1326,      -593.6465
   1327,      -594.0817
   1328,      -594.2885
   1329,      -599.1866
   1330,      -604.7875
   1331,      -610.4506
   1332,      -614.7224
   1333,      -618.1721
   1334,      -619.6614
   1335,      -619.8461
   1336,      -623.2364
   1337,      -626.1166
   1338,      -628.6049
   1339,      -631.2513
   1340,      -633.7954
   1341,      -623.0434
   1342,      -591.0733
   1343,      -597.3602
   1344,      -604.2971
   1345,      -610.3923
   1346,      -613.9451
   1347,      -614.7720
   1348,      -619.5815
   1349,      -581.5787
   1350,      -527.6196
   1351,      -531.4069
   1352,      -517.3654
   1353,      -503.6351
   1354,      -499.2205
   1355,      -500.0345
   1356,      -510.9211
   1357,      -522.1807
   1358,      -531.4323
   1359,      -539.4218
   1360,      -547.1776
   1361,      -552.5051
   1362,      -551.4438
   1363,      -557.0864
   1364,      -563.5750
   1365,      -570.6241
   1366,      -577.2092
   1367,      -580.8615
   1368,      -583.8361
   1369,      -587.2745
   1370,      -590.8682
   1371,      -594.4594
   1372,      -598.0512
   1373,      -601.9066
   1374,      -604.7080
   1375,      -606.8074
   1376,      -608.9313
   1377,      -612.5115
   1378,      -615.9960
   1379,      -619.3238
   1380,      -621.1153
   1381,      -622.4052
   1382,      -624.9162
   1383,      -627.4564
   1384,      -629.1334
   1385,      -630.7119
   1386,      -631.6761
   1387,      -632.8893
   1388,      -634.0139
   1389,      -634.8994
   1390,      -635.9709
   1391,      -636.8221
   1392,      -637.7563
   1393,      -639.0223
   1394,      -633.9062
   1395,      -628.5662
   1396,      -629.2744
   1397,      -631.6641
   1398,      -634.7739
   1399,      -637.1068
   1400,      -638.3090
   1401,      -639.3102
   1402,      -640.2448
   1403,      -641.9209
   1404,      -643.1541
   1405,      -640.1973
   1406,      -639.5240
   1407,      -640.3717
   1408,      -641.4772
   1409,      -642.3589
   1410,      -643.2537
   1411,      -644.0496
   1412,      -644.9656
   1413,      -645.3350
   1414,      -645.7745
   1415,      -645.5003
   1416,      -644.1113
   1417,      -645.3456
   1418,      -645.9464
   1419,      -646.4615
   1420,      -645.8972
   1421,      -641.5565
   1422,      -638.7569
   1423,      -639.1074
   1424,      -638.3936
   1425,      -637.5007
   1426,      -637.4664
   1427,      -637.6690
   1428,      -638.2022
   1429,      -638.7101
   1430,      -639.1666
   1431,      -639.6577
   1432,      -640.2386
   1433,      -641.2980
   1434,      -643.1293
   1435,      -641.5615
   1436,      -633.9261
   1437,      -630.8525
   1438,      -631.5427
   1439,      -632.3860
   1440,      -633.2206
   1441,      -633.9811
   1442,      -634.4739
   1443,      -634.5870
   1444,      -635.1958
   1445,      -635.9195
   1446,      -636.8120
   1447,      -637.7258
   1448,      -638.4788
   1449,      -639.5391
   1450,      -640.7056
   1451,      -632.2243
   1452,      -629.1320
   1453,      -629.8460
   1454,      -630.5964
   1455,      -631.3580
   1456,      -632.1697
   1457,      -633.0225
   1458,      -633.8734
   1459,      -634.8711
   1460,      -635.6552
   1461,      -636.4551
   1462,      -637.3934
   1463,      -638.2662
   1464,      -639.0040
   1465,      -640.3648
   1466,      -641.6973
   1467,      -642.4634
   1468,      -643.0505
   1469,      -643.6101
   1470,      -644.2332
   1471,      -645.2214
   1472,      -646.2751
   1473,      -647.2141
   1474,      -648.2768
   1475,      -648.9326
   1476,      -649.5159
   1477,      -650.1458
   1478,      -650.6835
   1479,      -651.1936
   1480,      -651.7890
   1481,      -652.4669
   1482,      -653.2667
   1483,      -653.6417
   1484,      -654.0238
   1485,      -654.2824
   1486,      -654.6286
   1487,      -655.1827
   1488,      -655.7982
   1489,      -656.4306
   1490,      -656.8560
   1491,      -657.7692
   1492,      -659.2459
   1493,      -660.1485
   1494,      -660.5897
   1495,      -661.1127
   1496,      -661.6058
   1497,      -661.9561
   1498,      -659.9853
   1499,      -658.5692
   1500,      -659.0712
   1501,      -659.7678
   1502,      -660.7766
   1503,      -661.4600
   1504,      -661.8503
   1505,      -662.3574
   1506,      -663.0131
   1507,      -663.7539
   1508,      -664.7247
   1509,      -665.7626
   1510,      -666.6758
   1511,      -667.6754
   1512,      -668.7769
   1513,      -669.2549
   1514,      -669.7819
   1515,      -670.3879
   1516,      -670.8201
   1517,      -671.3251
   1518,      -671.8651
   1519,      -672.3825
   1520,      -673.1277
   1521,      -673.7628
   1522,      -673.5474
   1523,      -673.7689
   1524,      -673.0046
   1525,      -671.6664
   1526,      -672.1472
   1527,      -672.8946
   1528,      -673.5604
   1529,      -673.9936
   1530,      -674.3694
   1531,      -675.0259
   1532,      -675.7202
   1533,      -676.1808
   1534,      -673.5543
   1535,      -669.4933
   1536,      -670.1432
   1537,      -671.1340
   1538,      -672.6025
   1539,      -673.2520
   1540,      -673.8219
   1541,      -674.8348
   1542,      -675.7146
   1543,      -676.2318
   1544,      -676.7528
   1545,      -677.3113
   1546,      -677.8979
   1547,      -678.6990
   1548,      -679.3624
   1549,      -679.8423
   1550,      -680.6208
   1551,      -681.2872
   1552,      -681.8303
   1553,      -682.6932
   1554,      -683.2477
   1555,      -683.5320
   1556,      -684.0463
   1557,      -684.2806
   1558,      -684.5970
   1559,      -684.9196
   1560,      -685.2169
   1561,      -685.7087
   1562,      -686.2025
   1563,      -686.5584
   1564,      -687.0017
   1565,      -687.2713
   1566,      -687.4771
   1567,      -687.8495
   1568,      -688.1212
   1569,      -688.3877
   1570,      -683.6839
   1571,      -681.0151
   1572,      -681.7392
   1573,      -682.9572
   1574,      -684.2783
   1575,      -685.1024
   1576,      -685.7296
   1577,      -686.6561
   1578,      -687.2278
   1579,      -687.6816
   1580,      -688.1189
   1581,      -688.3797
   1582,      -688.7351
   1583,      -688.9708
   1584,      -689.3205
   1585,      -689.8384
   1586,      -690.2601
   1587,      -690.6866
   1588,      -691.1491
   1589,      -691.4396
   1590,      -691.5920
   1591,      -691.8470
   1592,      -692.2393
   1593,      -692.4705
   1594,      -692.5215
   1595,      -692.5844
   1596,      -692.6938
   1597,      -692.8558
   1598,      -693.0650
   1599,      -693.3237
   1600,      -693.6006
   1601,      -693.8191
   1602,      -694.0225
   1603,      -694.1954
   1604,      -690.9004
   1605,      -687.8268
   1606,      -684.4643
   1607,      -682.2514
   1608,      -683.3035
   1609,      -684.7822
   1610,      -686.2923
   1611,      -687.1597
   1612,      -688.0432
   1613,      -688.9566
   1614,      -689.6978
   1615,      -690.5923
   1616,      -691.4348
   1617,      -692.0594
   1618,      -692.6557
   1619,      -693.1287
   1620,      -693.5180
   1621,      -693.9099
   1622,      -694.1730
   1623,      -694.5237
   1624,      -694.8033
   1625,      -695.0205
   1626,      -695.2933
   1627,      -695.5925
   1628,      -695.8892
   1629,      -693.5071
   1630,      -687.9704
   1631,      -689.2180
   1632,      -690.2561
   1633,      -691.4794
   1634,      -692.3434
   1635,      -693.1370
   1636,      -693.8447
   1637,      -694.4440
   1638,      -694.9769
   1639,      -695.5430
   1640,      -696.0745
   1641,      -696.3801
   1642,      -696.5828
   1643,      -696.5439
   1644,      -696.9996
   1645,      -676.9510
   1646,      -676.9713
   1647,      -678.6318
   1648,      -677.9841
   1649,      -679.5771
   1650,      -681.1208
   1651,      -682.4631
   1652,      -683.4362
   1653,      -684.3838
   1654,      -685.2453
   1655,      -684.2354
   1656,      -681.9078
   1657,      -663.8321
   1658,      -663.6995
   1659,      -665.4969
   1660,      -667.8315
   1661,      -670.1609
   1662,      -672.3005
   1663,      -674.1469
   1664,      -675.9084
   1665,      -677.5237
   1666,      -679.0601
   1667,      -680.5934
   1668,      -681.9302
   1669,      -683.2901
   1670,      -683.1779
   1671,      -670.0620
   1672,      -625.1913
   1673,      -606.7168
   1674,      -595.8345
   1675,      -600.3242
   1676,      -606.4870
   1677,      -609.1848
   1678,      -593.1661
   1679,      -599.4456
   1680,      -601.1453
   1681,      -600.7462
   1682,      -607.0089
   1683,      -612.5380
   1684,      -618.1595
   1685,      -622.6785
   1686,      -624.5814
   1687,      -619.5517
   1688,      -621.2695
   1689,      -623.8601
   1690,      -616.0228
   1691,      -595.8358
   1692,      -602.1947
   1693,      -606.9800
   1694,      -611.6754
   1695,      -606.4952
   1696,      -603.6319
   1697,      -608.0959
   1698,      -612.9573
   1699,      -613.5126
   1700,      -589.8313
   1701,      -590.1873
   1702,      -595.2344
   1703,      -600.6027
   1704,      -607.1550
   1705,      -612.2881
   1706,      -616.9057
   1707,      -621.3357
   1708,      -617.7422
   1709,      -606.3494
   1710,      -609.9902
   1711,      -613.8460
   1712,      -617.4610
   1713,      -619.4630
   1714,      -622.7396
   1715,      -625.6487
   1716,      -628.3458
   1717,      -630.4361
   1718,      -632.8165
   1719,      -624.8788
   1720,      -594.5036
   1721,      -553.7617
   1722,      -544.8765
   1723,      -550.7768
   1724,      -558.2412
   1725,      -566.5507
   1726,      -572.8018
   1727,      -575.9151
   1728,      -580.6928
   1729,      -579.7637
   1730,      -565.6591
   1731,      -571.9618
   1732,      -578.7173
   1733,      -584.8735
   1734,      -589.8419
   1735,      -593.7233
   1736,      -597.7748
   1737,      -601.2864
   1738,      -604.3078
   1739,      -607.4053
   1740,      -610.5280
   1741,      -613.2659
   1742,      -613.6369
   1743,      -603.0445
   1744,      -595.4639
   1745,      -593.7776
   1746,      -597.0804
   1747,      -601.2625
   1748,      -603.8089
   1749,      -606.5510
   1750,      -609.9152
   1751,      -612.5032
   1752,      -615.3565
   1753,      -614.4460
   1754,      -609.7039
   1755,      -605.5795
   1756,      -607.4486
   1757,      -609.4370
   1758,      -611.5551
   1759,      -613.7953
   1760,      -616.5954
   1761,      -619.4019
   1762,      -621.2872
   1763,      -622.8660
   1764,      -624.6599
   1765,      -627.5460
   1766,      -629.9282
   1767,      -625.0949
   1768,      -616.7749
   1769,      -617.7664
   1770,      -619.0287
   1771,      -620.6068
   1772,      -622.3342
   1773,      -624.2598
   1774,      -625.8856
   1775,      -628.2449
   1776,      -630.7327
   1777,      -632.4552
   1778,      -633.3424
   1779,      -634.3691
   1780,      -635.4247
   1781,      -628.3030
   1782,      -625.9671
   1783,      -626.7761
   1784,      -627.6055
   1785,      -628.4702
   1786,      -629.4991
   1787,      -630.4365
   1788,      -631.9725
   1789,      -633.4464
   1790,      -634.5309
   1791,      -635.6267
   1792,      -636.6660
   1793,      -637.6331
   1794,      -639.1268
   1795,      -640.3042
   1796,      -641.2090
   1797,      -641.8644
   1798,      -642.5707
   1799,      -639.9299
   1800,      -636.6921
   1801,      -637.2859
   1802,      -637.7392
   1803,      -638.1506
   1804,      -638.5867
   1805,      -639.1286
   1806,      -639.7164
   1807,      -640.2525
   1808,      -640.3074
   1809,      -628.1644
   1810,      -623.8681
   1811,      -624.8220
   1812,      -624.9692
   1813,      -623.8713
   1814,      -624.7333
   1815,      -625.6953
   1816,      -626.6290
   1817,      -627.5515
   1818,      -628.2841
   1819,      -629.3818
   1820,      -631.1444
   1821,      -626.3754
   1822,      -623.3565
   1823,      -624.1577
   1824,      -625.2687
   1825,      -626.6728
   1826,      -627.3939
   1827,      -628.2767
   1828,      -627.6333
   1829,      -620.0255
   1830,      -613.0711
   1831,      -614.0712
   1832,      -615.0767
   1833,      -616.3237
   1834,      -617.3572
   1835,      -618.4291
   1836,      -619.4863
   1837,      -620.5292
   1838,      -620.4853
   1839,      -618.9885
   1840,      -617.4859
   1841,      -616.8035
   1842,      -617.6794
   1843,      -618.7341
   1844,      -619.9644
   1845,      -621.1273
   1846,      -622.2956
   1847,      -622.7831
   1848,      -620.9160
   1849,      -621.3360
   1850,      -622.2021
   1851,      -623.2088
   1852,      -624.2096
   1853,      -625.0809
   1854,      -626.0071
   1855,      -627.2823
   1856,      -625.9986
   1857,      -620.0651
   1858,      -618.6799
   1859,      -619.5390
   1860,      -620.7541
   1861,      -622.0784
   1862,      -623.4376
   1863,      -624.7478
   1864,      -626.2634
   1865,      -628.0810
   1866,      -629.4742
   1867,      -630.7751
   1868,      -632.2671
   1869,      -633.1312
   1870,      -633.8260
   1871,      -634.6743
   1872,      -636.0286
   1873,      -637.3943
   1874,      -638.2059
   1875,      -639.0901
   1876,      -640.1068
   1877,      -641.3441
   1878,      -643.0368
   1879,      -644.0971
   1880,      -644.1572
   1881,      -644.2489
   1882,      -644.7640
   1883,      -645.5011
   1884,      -645.8723
   1885,      -643.4582
   1886,      -642.0010
   1887,      -644.1070
   1888,      -645.2090
   1889,      -646.1027
   1890,      -646.7680
   1891,      -647.3582
   1892,      -648.0709
   1893,      -648.9128
   1894,      -650.0093
   1895,      -650.7968
   1896,      -651.6876
   1897,      -652.8712
   1898,      -653.9387
   1899,      -655.4221
   1900,      -656.1946
   1901,      -657.1490
   1902,      -658.0942
   1903,      -657.9136
   1904,      -653.1436
   1905,      -647.7783
   1906,      -648.2655
   1907,      -649.1664
   1908,      -650.4308
   1909,      -651.8006
   1910,      -653.4160
   1911,      -654.6796
   1912,      -655.6028
   1913,      -656.8759
   1914,      -658.3088
   1915,      -659.7830
   1916,      -660.9323
   1917,      -662.1480
   1918,      -663.5549
   1919,      -664.8044
   1920,      -665.5905
   1921,      -666.6950
   1922,      -667.8771
   1923,      -669.0042
   1924,      -670.3219
   1925,      -671.4055
   1926,      -672.2511
   1927,      -672.9534
   1928,      -673.4793
   1929,      -674.0513
   1930,      -674.6850
   1931,      -675.4315
   1932,      -676.1143
   1933,      -676.5021
   1934,      -676.7991
   1935,      -677.1704
   1936,      -677.5422
   1937,      -677.9772
   1938,      -678.4812
   1939,      -679.0447
   1940,      -675.9833
   1941,      -674.0041
   1942,      -668.0349
   1943,      -651.2222
   1944,      -650.8950
   1945,      -652.4841
   1946,      -654.2650
   1947,      -656.2639
   1948,      -658.2404
   1949,      -659.9312
   1950,      -660.5904
   1951,      -656.0101
   1952,      -654.0610
   1953,      -655.6081
   1954,      -658.1368
   1955,      -660.3524
   1956,      -661.6695
   1957,      -662.7812
   1958,      -664.3128
   1959,      -647.2016
   1960,      -647.1650
   1961,      -646.7215
   1962,      -645.9222
   1963,      -647.0871
   1964,      -649.5185
   1965,      -649.6287
   1966,      -651.5672
   1967,      -651.3700
   1968,      -648.4257
   1969,      -651.0168
   1970,      -652.5112
   1971,      -642.4670
   1972,      -625.5721
   1973,      -627.9157
   1974,      -631.8677
   1975,      -635.2410
   1976,      -638.2895
   1977,      -641.2164
   1978,      -644.0730
   1979,      -646.7895
   1980,      -649.7314
   1981,      -652.7740
   1982,      -655.5199
   1983,      -657.3106
   1984,      -657.7986
   1985,      -656.6848
   1986,      -656.2723
   1987,      -652.2509
   1988,      -654.6658
   1989,      -656.0222
   1990,      -643.0889
   1991,      -644.5468
   1992,      -642.6141
   1993,      -630.8679
   1994,      -635.1345
   1995,      -639.5944
   1996,      -644.3420
   1997,      -648.6051
   1998,      -651.6642
   1999,      -655.0645
   2000,      -658.2490
   2001,      -660.3323
   2002,      -661.0737
   2003,      -644.9330
   2004,      -644.0256
   2005,      -647.0813
   2006,      -649.4550
   2007,      -652.4755
   2008,      -655.7802
   2009,      -657.6325
   2010,      -654.3071
   2011,      -653.1323
   2012,      -651.7946
   2013,      -653.6314
   2014,      -654.4913
   2015,      -656.1290
   2016,      -650.5587
   2017,      -638.7718
   2018,      -640.3908
   2019,      -637.7631
   2020,      -630.0966
   2021,      -628.5278
   2022,      -613.5355
   2023,      -617.4064
   2024,      -621.3875
   2025,      -624.8531
   2026,      -628.0731
   2027,      -631.0351
   2028,      -634.2755
   2029,      -637.7168
   2030,      -641.3271
   2031,      -644.3627
   2032,      -646.9099
   2033,      -649.1565
   2034,      -650.0823
   2035,      -652.3985
   2036,      -648.3137
   2037,      -621.1071
   2038,      -621.4835
   2039,      -621.2586
   2040,      -624.1808
   2041,      -627.0276
   2042,      -630.6953
   2043,      -634.0941
   2044,      -637.6678
   2045,      -641.6919
   2046,      -644.4824
   2047,      -646.2139
   2048,      -647.7305
   2049,      -647.8481
   2050,      -650.8961
   2051,      -653.1973
   2052,      -655.2523
   2053,      -652.1229
   2054,      -631.7980
   2055,      -636.3029
   2056,      -640.2200
   2057,      -643.6201
   2058,      -646.3543
   2059,      -648.9269
   2060,      -651.0583
   2061,      -653.1646
   2062,      -655.1994
   2063,      -654.6028
   2064,      -652.5732
   2065,      -648.7729
   2066,      -649.9523
   2067,      -652.3192
   2068,      -654.5717
   2069,      -656.5021
   2070,      -658.1792
   2071,      -659.8726
   2072,      -661.1555
   2073,      -661.9816
   2074,      -661.1351
   2075,      -662.0303
   2076,      -663.2519
   2077,      -664.2664
   2078,      -665.5084
   2079,      -666.7856
   2080,      -667.9747
   2081,      -669.5354
   2082,      -670.9171
   2083,      -672.0013
   2084,      -672.9323
   2085,      -673.9080
   2086,      -674.8333
   2087,      -675.7090
   2088,      -676.6551
   2089,      -677.2851
   2090,      -677.2328
   2091,      -665.9692
   2092,      -666.8156
   2093,      -667.9174
   2094,      -669.3188
   2095,      -670.3005
   2096,      -671.4327
   2097,      -672.6658
   2098,      -673.7920
   2099,      -675.2001
   2100,      -676.3776
   2101,      -677.5910
   2102,      -678.5604
   2103,      -678.8456
   2104,      -678.8099
   2105,      -674.3517
   2106,      -659.3647
   2107,      -659.6257
   2108,      -660.6659
   2109,      -661.5328
   2110,      -662.7935
   2111,      -664.3754
   2112,      -665.9272
   2113,      -667.1070
   2114,      -668.2286
   2115,      -669.7254
   2116,      -670.5684
   2117,      -671.4579
   2118,      -672.3389
   2119,      -673.2090
   2120,      -673.4707
   2121,      -673.4034
   2122,      -673.5831
   2123,      -674.0896
   2124,      -674.6106
   2125,      -675.2911
   2126,      -675.9256
   2127,      -676.6705
   2128,      -677.1573
   2129,      -666.8674
   2130,      -651.0148
   2131,      -651.9314
   2132,      -653.1005
   2133,      -655.1689
   2134,      -657.0911
   2135,      -657.9648
   2136,      -657.1823
   2137,      -657.0816
   2138,      -657.7855
   2139,      -658.5136
   2140,      -659.9101
   2141,      -661.4751
   2142,      -662.2629
   2143,      -662.8408
   2144,      -663.4158
   2145,      -658.7174
   2146,      -650.6925
   2147,      -646.1558
   2148,      -645.8921
   2149,      -646.8752
   2150,      -647.8076
   2151,      -648.8171
   2152,      -649.6575
   2153,      -650.5972
   2154,      -651.6709
   2155,      -652.9018
   2156,      -654.3615
   2157,      -654.6151
   2158,      -654.9752
   2159,      -655.6231
   2160,      -656.4899
   2161,      -657.1601
   2162,      -657.8996
   2163,      -658.5215
   2164,      -659.2448
   2165,      -660.3243
   2166,      -661.0295
   2167,      -661.5143
   2168,      -661.9866
   2169,      -662.5880
   2170,      -663.2522
   2171,      -664.2933
   2172,      -654.9567
   2173,      -624.2722
   2174,      -608.0886
   2175,      -609.7763
   2176,      -611.7120
   2177,      -613.6171
   2178,      -615.6322
   2179,      -617.4385
   2180,      -619.5786
   2181,      -621.6841
   2182,      -623.6569
   2183,      -625.3778
   2184,      -626.7758
   2185,      -628.3321
   2186,      -630.0301
   2187,      -623.7203
   2188,      -615.4200
   2189,      -615.6434
   2190,      -616.2725
   2191,      -617.3622
   2192,      -618.4549
   2193,      -619.0359
   2194,      -619.4673
   2195,      -620.6832
   2196,      -615.1617
   2197,      -607.4849
   2198,      -605.9007
   2199,      -605.8847
   2200,      -607.1684
   2201,      -608.9374
   2202,      -610.5741
   2203,      -612.1551
   2204,      -613.7175
   2205,      -615.3344
   2206,      -617.0711
   2207,      -618.3480
   2208,      -619.7709
   2209,      -621.3568
   2210,      -623.1784
   2211,      -624.6541
   2212,      -626.2621
   2213,      -627.2802
   2214,      -628.2739
   2215,      -630.1966
   2216,      -631.8621
   2217,      -632.7532
   2218,      -633.4680
   2219,      -634.3017
   2220,      -635.2451
   2221,      -636.7162
   2222,      -638.7292
   2223,      -637.9415
   2224,      -637.6923
   2225,      -638.4825
   2226,      -639.1476
   2227,      -639.8255
   2228,      -640.5489
   2229,      -641.3983
   2230,      -642.4279
   2231,      -643.3193
   2232,      -644.0285
   2233,      -644.8777
   2234,      -645.9050
   2235,      -646.9141
   2236,      -648.1247
   2237,      -649.0638
   2238,      -649.8856
   2239,      -650.8420
   2240,      -652.6379
   2241,      -654.2188
   2242,      -655.2310
   2243,      -656.2269
   2244,      -657.2386
   2245,      -657.7764
   2246,      -658.0638
   2247,      -658.4392
   2248,      -659.0102
   2249,      -659.6933
   2250,      -660.5693
   2251,      -661.3777
   2252,      -662.2183
   2253,      -663.1607
   2254,      -664.2014
   2255,      -665.1245
   2256,      -666.0964
   2257,      -667.0650
   2258,      -667.9281
   2259,      -668.4323
   2260,      -668.7409
   2261,      -669.2014
   2262,      -669.7432
   2263,      -670.6377
   2264,      -671.2565
   2265,      -671.9415
   2266,      -672.7648
   2267,      -673.3978
   2268,      -673.9438
   2269,      -674.4732
   2270,      -674.9511
   2271,      -675.2520
   2272,      -675.8298
   2273,      -676.6849
   2274,      -677.5334
   2275,      -677.8947
   2276,      -678.2725
   2277,      -678.8090
   2278,      -679.1754
   2279,      -679.6380
   2280,      -680.2887
   2281,      -680.7585
   2282,      -680.9800
   2283,      -681.1595
   2284,      -681.2694
   2285,      -681.5408
   2286,      -681.8839
   2287,      -682.3505
   2288,      -682.8322
   2289,      -683.1840
   2290,      -682.4768
   2291,      -670.4036
   2292,      -671.4485
   2293,      -672.2730
   2294,      -667.5709
   2295,      -664.1635
   2296,      -665.4612
   2297,      -667.3683
   2298,      -668.5274
   2299,      -668.5875
   2300,      -668.8895
   2301,      -669.3506
   2302,      -670.0888
   2303,      -671.0765
   2304,      -671.4733
   2305,      -670.3633
   2306,      -672.1175
   2307,      -673.6623
   2308,      -675.0418
   2309,      -675.8834
   2310,      -677.0068
   2311,      -677.8042
   2312,      -677.1561
   2313,      -677.2273
   2314,      -675.4830
   2315,      -676.0283
   2316,      -676.9763
   2317,      -678.2509
   2318,      -679.9285
   2319,      -681.3896
   2320,      -682.1129
   2321,      -682.6645
   2322,      -683.2575
   2323,      -683.7047
   2324,      -684.1490
   2325,      -684.6552
   2326,      -685.1931
   2327,      -685.2735
   2328,      -685.9274
   2329,      -685.3847
   2330,      -673.2254
   2331,      -666.9705
   2332,      -668.5599
   2333,      -671.1358
   2334,      -673.3256
   2335,      -675.0414
   2336,      -676.6030
   2337,      -678.0197
   2338,      -679.2960
   2339,      -680.4161
   2340,      -681.2910
   2341,      -682.3860
   2342,      -683.3411
   2343,      -684.0552
   2344,      -684.5349
   2345,      -684.9398
   2346,      -685.6049
   2347,      -686.3135
   2348,      -687.0417
   2349,      -687.6965
   2350,      -688.3547
   2351,      -689.0560
   2352,      -689.6351
   2353,      -690.0753
   2354,      -690.5009
   2355,      -690.8311
   2356,      -691.1606
   2357,      -691.5356
   2358,      -691.8768
   2359,      -692.2138
   2360,      -692.4688
   2361,      -692.6835
   2362,      -692.9376
   2363,      -693.2097
   2364,      -693.5058
   2365,      -693.7391
   2366,      -693.9597
   2367,      -694.1006
   2368,      -694.2513
   2369,      -685.8641
   2370,      -666.0844
   2371,      -669.2083
   2372,      -671.4612
   2373,      -673.6340
   2374,      -673.2663
   2375,      -666.6352
   2376,      -669.1019
   2377,      -671.3055
   2378,      -673.2529
   2379,      -675.2034
   2380,      -676.9645
   2381,      -678.6013
   2382,      -679.9437
   2383,      -681.2834
   2384,      -682.7266
   2385,      -683.9816
   2386,      -685.0417
   2387,      -685.9826
   2388,      -686.8339
   2389,      -687.7285
   2390,      -688.5219
   2391,      -688.9330
   2392,      -689.0486
   2393,      -689.2769
   2394,      -689.5579
   2395,      -689.2097
   2396,      -689.9820
   2397,      -690.6328
   2398,      -690.9818
   2399,      -691.4687
   2400,      -691.6739
   2401,      -691.8340
   2402,      -691.7485
   2403,      -691.4573
   2404,      -685.0952
   2405,      -686.2923
   2406,      -687.1730
   2407,      -688.1326
   2408,      -689.0319
   2409,      -682.4232
   2410,      -655.4604
   2411,      -657.2666
   2412,      -656.7781
   2413,      -658.9592
   2414,      -657.6823
   2415,      -659.2396
   2416,      -661.6956
   2417,      -608.0621
   2418,      -550.5418
   2419,      -559.2619
   2420,      -570.0255
   2421,      -579.1761
   2422,      -587.3729
   2423,      -593.5224
   2424,      -597.1745
   2425,      -595.7814
   2426,      -597.0356
   2427,      -597.7311
   2428,      -601.8796
   2429,      -605.0425
   2430,      -608.4703
   2431,      -612.6513
   2432,      -615.6686
   2433,      -618.7642
   2434,      -622.2175
   2435,      -624.9888
   2436,      -627.4163
   2437,      -628.2024
   2438,      -623.4832
   2439,      -618.6495
   2440,      -624.0405
   2441,      -628.7363
   2442,      -629.2942
   2443,      -625.5028
   2444,      -628.0513
   2445,      -632.0509
   2446,      -635.0108
   2447,      -637.0390
   2448,      -638.2656
   2449,      -640.4797
   2450,      -642.8137
   2451,      -644.4520
   2452,      -646.0934
   2453,      -647.8196
   2454,      -649.6851
   2455,      -651.6520
   2456,      -653.3503
   2457,      -653.9630
   2458,      -656.2989
   2459,      -657.4529
   2460,      -658.5520
   2461,      -660.1285
   2462,      -661.3362
   2463,      -661.2275
   2464,      -659.1368
   2465,      -654.4501
   2466,      -655.2875
   2467,      -656.4751
   2468,      -658.2352
   2469,      -660.2496
   2470,      -661.6716
   2471,      -662.9904
   2472,      -664.1862
   2473,      -663.7557
   2474,      -654.8569
   2475,      -654.9360
   2476,      -656.1906
   2477,      -657.8741
   2478,      -659.4974
   2479,      -660.7665
   2480,      -662.2566
   2481,      -663.5788
   2482,      -665.1756
   2483,      -666.5640
   2484,      -667.6877
   2485,      -668.8177
   2486,      -669.5539
   2487,      -670.1802
   2488,      -670.9120
   2489,      -671.5825
   2490,      -672.2907
   2491,      -672.7707
   2492,      -673.3805
   2493,      -674.1491
   2494,      -674.8779
   2495,      -675.3806
   2496,      -676.1613
   2497,      -676.8221
   2498,      -676.7681
   2499,      -665.1950
   2500,      -660.3130
   2501,      -644.8389
   2502,      -643.6407
   2503,      -644.2958
   2504,      -645.8958
   2505,      -647.3459
   2506,      -648.5319
   2507,      -649.5309
   2508,      -650.6927
   2509,      -651.6082
   2510,      -652.6356
   2511,      -653.7633
   2512,      -655.1326
   2513,      -657.1133
   2514,      -658.4764
   2515,      -659.2310
   2516,      -660.0563
   2517,      -657.5653
   2518,      -649.2587
   2519,      -650.0060
   2520,      -651.0395
   2521,      -652.1004
   2522,      -652.8871
   2523,      -654.0167
   2524,      -655.0416
   2525,      -655.8246
   2526,      -656.3748
   2527,      -656.8721
   2528,      -657.4919
   2529,      -658.1766
   2530,      -658.5828
   2531,      -659.1602
   2532,      -660.0594
   2533,      -660.8753
   2534,      -661.3669
   2535,      -661.6494
   2536,      -662.0141
   2537,      -662.7139
   2538,      -663.2267
   2539,      -663.7133
   2540,      -664.1344
   2541,      -664.8358
   2542,      -665.7849
   2543,      -661.2569
   2544,      -658.2381
   2545,      -658.6070
   2546,      -659.0005
   2547,      -659.4042
   2548,      -650.4705
   2549,      -637.7182
   2550,      -638.1608
   2551,      -639.6736
   2552,      -640.7342
   2553,      -641.6817
   2554,      -642.5417
   2555,      -643.3818
   2556,      -644.0996
   2557,      -635.0833
   2558,      -627.3282
   2559,      -626.1784
   2560,      -627.2540
   2561,      -628.6428
   2562,      -630.7444
   2563,      -631.1385
   2564,      -630.7914
   2565,      -631.8237
   2566,      -633.0776
   2567,      -635.1830
   2568,      -637.4625
   2569,      -639.3152
   2570,      -640.6429
   2571,      -640.5496
   2572,      -604.3323
   2573,      -581.6705
   2574,      -583.9016
   2575,      -586.6081
   2576,      -589.7493
   2577,      -592.7009
   2578,      -594.9306
   2579,      -598.1273
   2580,      -601.1946
   2581,      -604.6130
   2582,      -606.9335
   2583,      -608.8617
   2584,      -610.5712
   2585,      -612.3182
   2586,      -613.9981
   2587,      -615.4771
   2588,      -616.9546
   2589,      -618.6405
   2590,      -620.5069
   2591,      -622.5646
   2592,      -624.5826
   2593,      -626.0658
   2594,      -627.9530
   2595,      -629.6412
   2596,      -630.9969
   2597,      -632.3814
   2598,      -633.9461
   2599,      -635.8801
   2600,      -637.5551
   2601,      -634.3068
   2602,      -632.1569
   2603,      -632.5493
   2604,      -633.2546
   2605,      -634.2241
   2606,      -635.3504
   2607,      -634.9001
   2608,      -635.5334
   2609,      -636.7566
   2610,      -638.1902
   2611,      -640.5039
   2612,      -642.4663
   2613,      -643.5738
   2614,      -644.4376
   2615,      -645.2739
   2616,      -647.1114
   2617,      -648.2304
   2618,      -649.0054
   2619,      -649.7787
   2620,      -651.0383
   2621,      -652.4186
   2622,      -654.0249
   2623,      -655.1670
   2624,      -655.9036
   2625,      -656.6852
   2626,      -657.6320
   2627,      -658.9560
   2628,      -659.9410
   2629,      -660.7299
   2630,      -661.5982
   2631,      -662.6256
   2632,      -663.6714
   2633,      -664.6541
   2634,      -665.7485
   2635,      -666.6857
   2636,      -667.4943
   2637,      -668.3148
   2638,      -669.4608
   2639,      -669.9263
   2640,      -669.3280
   2641,      -670.2242
   2642,      -671.1606
   2643,      -671.8456
   2644,      -667.7744
   2645,      -653.4813
   2646,      -654.2947
   2647,      -657.0478
   2648,      -655.2235
   2649,      -652.9056
   2650,      -654.1271
   2651,      -655.7341
   2652,      -656.9258
   2653,      -657.8719
   2654,      -659.2730
   2655,      -660.9879
   2656,      -662.9465
   2657,      -664.2476
   2658,      -665.2237
   2659,      -666.5565
   2660,      -667.5208
   2661,      -668.8361
   2662,      -670.0087
   2663,      -670.8339
   2664,      -671.6196
   2665,      -672.4417
   2666,      -673.4344
   2667,      -674.4339
   2668,      -675.3810
   2669,      -676.1474
   2670,      -676.8659
   2671,      -677.8839
   2672,      -678.6691
   2673,      -678.9581
   2674,      -679.6784
   2675,      -677.7938
   2676,      -662.4558
   2677,      -657.8816
   2678,      -659.6577
   2679,      -661.3011
   2680,      -663.1596
   2681,      -664.4759
   2682,      -666.0256
   2683,      -668.4810
   2684,      -670.7025
   2685,      -672.3192
   2686,      -673.0620
   2687,      -670.6402
   2688,      -666.9747
   2689,      -668.1404
   2690,      -670.2873
   2691,      -672.2506
   2692,      -673.9348
   2693,      -673.5995
   2694,      -671.8478
   2695,      -673.2691
   2696,      -674.1548
   2697,      -674.9559
   2698,      -675.7137
   2699,      -676.6622
   2700,      -677.7777
   2701,      -678.8239
   2702,      -680.0561
   2703,      -681.2039
   2704,      -682.1227
   2705,      -682.7890
   2706,      -682.8069
   2707,      -683.0754
   2708,      -683.6399
   2709,      -684.0330
   2710,      -682.9955
   2711,      -679.4769
   2712,      -680.6853
   2713,      -681.8108
   2714,      -683.1098
   2715,      -684.1960
   2716,      -685.0152
   2717,      -685.8229
   2718,      -686.6640
   2719,      -687.5850
   2720,      -688.4053
   2721,      -689.1025
   2722,      -689.5615
   2723,      -690.0008
   2724,      -690.4277
   2725,      -690.8475
   2726,      -691.2637
   2727,      -691.5715
   2728,      -691.9598
   2729,      -692.3589
   2730,      -692.7291
   2731,      -692.9958
   2732,      -693.2607
   2733,      -693.2878
   2734,      -692.9939
   2735,      -693.2664
   2736,      -693.5999
   2737,      -693.8952
   2738,      -694.1230
   2739,      -692.4399
   2740,      -687.9492
   2741,      -687.5395
   2742,      -688.7442
   2743,      -687.8979
   2744,      -685.6635
   2745,      -687.5477
   2746,      -689.2017
   2747,      -690.0545
   2748,      -690.1586
   2749,      -690.8880
   2750,      -691.5991
   2751,      -691.7278
   2752,      -690.4941
   2753,      -691.4016
   2754,      -691.9291
   2755,      -691.6492
   2756,      -688.6846
   2757,      -689.7481
   2758,      -690.7432
   2759,      -691.5856
   2760,      -668.8781
   2761,      -621.0637
   2762,      -625.2421
   2763,      -629.1177
   2764,      -632.8004
   2765,      -633.6786
   2766,      -620.4881
   2767,      -598.6656
   2768,      -569.9355
   2769,      -574.8296
   2770,      -578.8140
   2771,      -586.7142
   2772,      -594.6426
   2773,      -602.1205
   2774,      -603.3635
   2775,      -603.3503
   2776,      -607.6042
   2777,      -612.4194
   2778,      -617.5818
   2779,      -622.0763
   2780,      -600.2333
   2781,      -565.6717
   2782,      -571.1269
   2783,      -575.3688
   2784,      -578.7171
   2785,      -585.8082
   2786,      -592.1872
   2787,      -597.7703
   2788,      -604.4672
   2789,      -609.9255
   2790,      -606.0976
   2791,      -608.7719
   2792,      -608.7416
   2793,      -592.4777
   2794,      -595.6752
   2795,      -600.0596
   2796,      -601.7324
   2797,      -599.2901
   2798,      -601.3738
   2799,      -605.5597
   2800,      -610.7349
   2801,      -615.8768
   2802,      -620.5999
   2803,      -624.6019
   2804,      -627.9175
   2805,      -631.5254
   2806,      -634.8559
   2807,      -637.7878
   2808,      -640.0960
   2809,      -642.2994
   2810,      -644.4153
   2811,      -646.3541
   2812,      -648.1856
   2813,      -650.0021
   2814,      -649.7518
   2815,      -649.6046
   2816,      -651.3812
   2817,      -652.8104
   2818,      -653.8765
   2819,      -655.9398
   2820,      -658.0020
   2821,      -659.6818
   2822,      -661.6273
   2823,      -663.5466
   2824,      -664.8134
   2825,      -665.8274
   2826,      -661.5598
   2827,      -611.5371
   2828,      -594.6299
   2829,      -568.1223
   2830,      -502.0550
   2831,      -512.2288
   2832,      -525.8350
   2833,      -537.8312
   2834,      -548.0389
   2835,      -549.2004
   2836,      -542.5974
   2837,      -550.2170
   2838,      -556.8112
   2839,      -564.8478
   2840,      -570.3874
   2841,      -574.4080
   2842,      -579.4340
   2843,      -578.1962
   2844,      -568.6486
   2845,      -573.7251
   2846,      -577.3031
   2847,      -580.9123
   2848,      -584.3765
   2849,      -588.0886
   2850,      -590.8148
   2851,      -595.3423
   2852,      -598.9504
   2853,      -602.0338
   2854,      -605.4104
   2855,      -607.5832
   2856,      -610.4822
   2857,      -612.7141
   2858,      -614.4231
   2859,      -615.9114
   2860,      -617.8843
   2861,      -619.8427
   2862,      -621.7929
   2863,      -624.0359
   2864,      -625.7236
   2865,      -627.6495
   2866,      -629.4105
   2867,      -631.0147
   2868,      -632.4861
   2869,      -633.3972
   2870,      -634.2144
   2871,      -635.0151
   2872,      -636.1412
   2873,      -637.3596
   2874,      -638.5643
   2875,      -639.6359
   2876,      -640.8792
   2877,      -642.3115
   2878,      -643.9357
   2879,      -645.5564
   2880,      -646.1666
   2881,      -646.6121
   2882,      -647.3403
   2883,      -648.2591
   2884,      -648.7386
   2885,      -649.2486
   2886,      -649.9018
   2887,      -650.5233
   2888,      -651.3173
   2889,      -652.5378
   2890,      -653.0515
   2891,      -653.5064
   2892,      -653.9274
   2893,      -654.1302
   2894,      -654.4629
   2895,      -655.1248
   2896,      -655.6116
   2897,      -655.9773
   2898,      -656.5345
   2899,      -656.7238
   2900,      -657.0110
   2901,      -657.3467
   2902,      -657.7578
   2903,      -658.1829
   2904,      -658.5812
   2905,      -658.9737
   2906,      -659.3476
   2907,      -659.6533
   2908,      -660.0085
   2909,      -660.0650
   2910,      -658.3251
   2911,      -657.0622
   2912,      -657.7710
   2913,      -658.2058
   2914,      -658.5696
   2915,      -659.1197
   2916,      -659.9053
   2917,      -660.8749
   2918,      -661.5312
   2919,      -661.9566
   2920,      -662.4654
   2921,      -663.0810
   2922,      -663.8312
