   2017,         1.7917,       251.0067,       124.0960,        43.0000,
   2017,         1.7058,       241.0016,       100.8264,        43.0000,
   2017,         2.3970,       311.4401,       129.8227,        43.0000,
   2017,         2.0547,       275.0403,       114.5166,        43.0000,
   2017,         2.0702,       282.3365,       118.4096,        43.0000,
   2017,         1.5789,       221.9904,        93.1365,        43.0000,
   2017,         1.3095,       213.3733,       106.2584,        43.0000,
   2017,         1.6371,       254.2500,       126.9934,        43.0000,
   2017,         1.5408,       229.5338,        96.5195,        43.0000,
   2017,         1.2507,       202.3885,       100.6472,        43.0000,
   2017,         1.2174,       203.1695,       101.5657,        43.0000,
   2017,         0.9774,       168.2261,        86.1100,        43.0000,
   2017,         0.6976,       121.8839,        63.1168,        43.0000,
   2017,         0.8243,       140.6061,        72.4895,        43.0000,
   2017,         1.2827,       211.3802,       106.0707,        43.0000,
   2017,         0.8851,       151.7817,        78.3163,        43.0000,
   2017,         0.9736,       168.3583,        85.6747,        43.0000,
   2017,         0.8443,       145.5443,        75.1734,        43.0000,
   2017,         1.1850,       196.2976,        97.9140,        43.0000,
   2017,         0.5235,        99.6788,        50.8602,        43.0000,
   2017,         0.5502,       103.3352,        53.4729,        43.0000,
   2017,         0.6912,       123.4486,        63.6456,        43.0000,
   2017,         0.9201,       162.3980,        83.5718,        43.0000,
   2017,         1.2544,       204.7056,       102.7718,        43.0000,
   2017,         0.5033,        96.8409,        49.5236,        43.0000,
   2017,         0.9902,       167.6444,        86.1905,        43.0000,
   2017,         0.5368,        96.6764,        50.4801,        43.0000,
   2017,         1.0435,       171.9738,        87.5579,        43.0000,
   2017,         1.0399,       176.2654,        89.9597,        43.0000,
   2017,         0.9911,       173.0772,        88.0437,        43.0000,
   2017,         0.9316,       165.3064,        84.8865,        43.0000,
   2017,         1.0410,       180.2037,        91.3489,        43.0000,
   2017,         1.2543,       206.4527,       102.9694,        43.0000,
   2017,         0.5072,        96.6641,        49.0874,        43.0000,
   2017,         1.3167,       216.9536,       107.8524,        43.0000,
   2017,         1.0771,       175.9781,        89.6533,        43.0000,
   2017,         1.1060,       186.3205,        94.0307,        43.0000,
   2017,         1.0554,       184.9077,        93.2703,        43.0000,
   2017,         1.2027,       200.6989,       100.9867,        43.0000,
   2017,         0.5846,       109.5714,        56.1707,        43.0000,
   2017,         0.8441,       143.6821,        73.7180,        43.0000,
   2017,         0.5391,       104.5921,        53.6301,        43.0000,
   2017,         0.5347,       102.8639,        52.0825,        43.0000,
   2017,         1.0611,       186.2287,        93.7579,        43.0000,
   2017,         0.7005,       121.3870,        63.1793,        43.0000,
   2017,         0.8787,       152.0231,        78.1264,        43.0000,
   2017,         0.9568,       155.9558,        81.2193,        43.0000,
   2017,         0.6432,       111.8648,        58.0149,        43.0000,
   2017,         1.0809,       181.3608,        91.7600,        43.0000,
   2017,         0.5724,       102.7754,        52.5277,        43.0000,
   2017,         0.8501,       148.3230,        75.8441,        43.0000,
   2017,         0.7321,       129.8695,        66.3309,        43.0000,
   2017,         0.8896,       153.1378,        78.2176,        43.0000,
   2017,         0.9520,       156.6073,        79.3633,        43.0000,
   2017,         0.7214,       129.9712,        66.6354,        43.0000,
   2017,         1.0485,       179.8900,        90.1527,        43.0000,
   2017,         0.6872,       121.2681,        62.4788,        43.0000,
   2017,         0.5189,        92.4467,        46.7429,        43.0000,
   2017,         0.8684,       146.9755,        74.9733,        43.0000,
   2017,         0.5181,       100.0620,        50.2475,        43.0000,
   2017,         0.9424,       158.5226,        81.1309,        43.0000,
   2017,         0.8251,       141.2852,        72.7010,        43.0000,
   2017,         0.7779,       130.7633,        67.6952,        43.0000,
   2017,         1.0536,       173.6447,        87.2570,        43.0000,
   2017,         0.7792,       134.9084,        68.5974,        43.0000,
   2017,         0.5807,       101.8331,        52.7518,        43.0000,
   2017,         0.5364,       100.5012,        50.8873,        43.0000,
   2017,         0.5594,        99.7475,        50.9444,        43.0000,
   2017,         0.6379,       111.1895,        57.7372,        43.0000,
   2017,         0.6652,       113.0308,        58.0536,        43.0000,
   2017,         1.0825,       175.9292,        88.7765,        43.0000,
   2017,         1.0037,       169.3423,        85.7539,        43.0000,
   2017,         1.0039,       169.6119,        85.5344,        43.0000,
   2017,         0.9899,       167.6053,        85.0095,        43.0000,
   2017,         0.5640,       102.8624,        52.2184,        43.0000,
   2017,         0.6031,       104.5445,        54.0463,        43.0000,
   2017,         1.0632,       165.8407,        84.4757,        43.0000,
   2017,         0.7155,       120.5580,        62.4227,        43.0000,
   2017,         0.9489,       153.3007,        78.8818,        43.0000,
   2017,         0.6298,       112.6519,        57.7838,        43.0000,
   2017,         0.5623,        97.8287,        50.2712,        43.0000,
   2017,         1.0099,       171.0181,        86.1848,        43.0000,
   2017,         0.9206,       158.8915,        81.5896,        43.0000,
   2017,         0.9723,       159.8895,        81.5079,        43.0000,
   2017,         0.5878,        98.7055,        51.4395,        43.0000,
   2017,         0.6447,       106.2646,        55.0621,        43.0000,
   2017,         0.8261,       129.6188,        66.8973,        43.0000,
   2017,         0.6558,       110.0600,        57.4040,        43.0000,
   2017,         0.6128,        98.2542,        51.5525,        43.0000,
   2017,         0.7901,       131.6778,        68.3252,        43.0000,
   2017,         1.0179,       147.0233,        75.6729,        43.0000,
   2017,         0.9571,       150.9543,        77.6655,        43.0000,
   2017,         1.1279,       172.7063,        88.2427,        43.0000,
   2017,         0.8015,       127.8779,        66.5699,        43.0000,
   2017,         0.6698,       106.8016,        56.0572,        43.0000,
   2017,         0.7618,       119.4863,        62.1844,        43.0000,
   2017,         0.8744,       142.3015,        73.6958,        43.0000,
   2017,         0.6169,       100.9166,        52.4787,        43.0000,
   2017,         0.9846,       149.8386,        77.6886,        43.0000,
   2017,         0.6703,       104.6862,        54.3946,        43.0000,
   2017,         0.6405,       103.9807,        54.1143,        43.0000,
   2017,         0.5781,        95.6386,        50.1038,        43.0000,
   2017,         0.8775,       144.6075,        74.5246,        43.0000,
   2017,         0.4791,        86.2831,        43.8814,        43.0000,
   2017,         0.5054,        84.2774,        43.9042,        43.0000,
   2017,         0.5395,        89.3124,        47.4386,        43.0000,
   2017,         1.0155,       150.6434,        78.4968,        43.0000,
   2017,         0.5665,        94.5199,        49.9089,        43.0000,
   2017,         0.9320,       140.0106,        72.9331,        43.0000,
   2017,         0.4457,        83.2012,        42.7548,        43.0000,
   2017,         0.5177,        92.6530,        47.0464,        43.0000,
   2017,         0.5347,        89.9955,        46.9380,        43.0000,
   2017,         0.5176,        91.3250,        46.7509,        43.0000,
   2017,         0.9246,       146.1720,        75.2480,        43.0000,
   2017,         0.6062,        97.8371,        51.4084,        43.0000,
   2017,         1.0690,       167.3302,        85.5729,        43.0000,
   2017,         0.9425,       150.8361,        77.9008,        43.0000,
   2017,         0.6515,       107.9767,        56.1208,        43.0000,
   2017,         0.7452,       120.2759,        62.8705,        43.0000,
   2017,         0.5261,        93.0969,        48.1014,        43.0000,
   2017,         0.8045,       131.1936,        68.2435,        43.0000,
   2017,         0.8166,       127.6779,        66.5838,        43.0000,
   2017,         0.7576,       123.9027,        64.6308,        43.0000,
   2017,         1.0163,       164.1555,        84.4526,        43.0000,
   2017,         0.7944,       126.2933,        65.5417,        43.0000,
   2017,         0.8359,       132.9584,        69.5859,        43.0000,
   2017,         0.7131,       111.0993,        57.9926,        43.0000,
   2017,         0.5380,        91.8623,        47.8568,        43.0000,
   2017,         0.5614,        98.2257,        50.9825,        43.0000,
   2017,         0.8804,       137.1776,        71.2236,        43.0000,
   2017,         0.5034,        83.3130,        43.2021,        43.0000,
   2017,         0.4907,        83.7237,        43.1644,        43.0000,
   2017,         0.8725,       140.8480,        72.9654,        43.0000,
   2017,         0.4810,        81.8215,        42.2863,        43.0000,
   2017,         0.7006,       106.9344,        56.1504,        43.0000,
   2017,         0.5530,        90.5022,        47.9517,        43.0000,
   2017,         0.5305,        88.7093,        46.0404,        43.0000,
   2017,         0.8604,       135.5917,        70.0226,        43.0000,
   2017,         0.8122,       127.6168,        66.4992,        43.0000,
   2017,         0.7299,       115.6256,        60.6208,        43.0000,
   2017,         0.5604,        90.8815,        47.9900,        43.0000,
   2017,         0.5311,        88.7295,        46.7545,        43.0000,
   2017,         0.6546,       104.6949,        54.8433,        43.0000,
   2017,         0.4847,        81.6669,        42.5549,        43.0000,
   2017,         0.5732,        91.1173,        48.2877,        43.0000,
   2017,         0.4308,        76.2684,        38.9038,        43.0000,
   2017,         0.4372,        77.3606,        39.3042,        43.0000,
   2017,         0.7876,       124.8633,        65.3431,        43.0000,
   2017,         0.4175,        74.5522,        38.4735,        43.0000,
   2017,         0.4706,        79.5256,        41.3021,        43.0000,
   2017,         0.4636,        80.5484,        41.3865,        43.0000,
   2017,         0.5006,        86.9534,        45.0561,        43.0000,
   2017,         0.4947,        79.0027,        40.8892,        43.0000,
   2017,         0.5585,        89.0605,        46.7403,        43.0000,
   2017,         0.4944,        78.6436,        40.6269,        43.0000,
   2017,         0.4725,        71.6699,        37.3992,        43.0000,
   2017,         0.4422,        74.3508,        37.8348,        43.0000,
   2017,         0.5658,        84.4887,        44.8886,        43.0000,
   2017,         0.4573,        71.0738,        36.9084,        43.0000,
   2017,         0.4497,        66.8026,        35.8893,        43.0000,
   2017,         0.3836,        59.9096,        31.0192,        43.0000,
   2017,         0.4695,        68.8598,        37.3066,        43.0000,
   2017,         0.4003,        63.1945,        33.0658,        43.0000,
   2017,         0.4049,        56.3053,        30.3123,        43.0000,
   2017,         0.3509,        56.3135,        29.1020,        43.0000,
   2017,         0.3593,        55.2543,        28.6338,        43.0000,
   2017,         0.3597,        59.5341,        30.5522,        43.0000,
   2017,         0.4269,        62.1043,        32.7537,        43.0000,
   2017,         0.4677,        62.7150,        34.2387,        43.0000,
   2017,         0.4232,        59.6973,        31.5681,        43.0000,
   2017,         0.4108,        57.0449,        30.6545,        43.0000,
   2017,         0.4122,        53.7805,        29.5763,        43.0000,
   2017,         0.6734,        85.4927,        45.5562,        43.0000,
   2017,         0.3702,        46.0325,        25.2219,        43.0000,
   2017,         0.3268,        39.3615,        21.9208,        43.0000,
   2017,         0.4017,        42.3867,        24.6689,        43.0000,
   2017,         0.5444,        63.3529,        34.3732,        43.0000,
   2017,         0.5036,        53.1120,        29.4930,        43.0000,
   2017,         0.4509,        48.3344,        28.1553,        43.0000,
   2017,         0.5623,        65.1461,        35.4607,        43.0000,
   2017,         0.3958,        42.3969,        25.1078,        43.0000,
   2017,         0.3414,        41.8584,        23.0855,        43.0000,
   2017,         0.4174,        45.9936,        26.5368,        43.0000,
   2017,         0.4326,        52.1602,        29.2712,        43.0000,
   2017,         0.3935,        47.6400,        27.0851,        43.0000,
   2017,         0.3103,        34.2772,        20.2107,        43.0000,
   2017,         0.3050,        38.8618,        21.2309,        43.0000,
   2017,         0.2999,        37.0533,        22.8716,        43.0000,
   2017,         0.3596,        45.7459,        27.2357,        43.0000,
   2017,         0.3425,        44.6077,        28.4607,        43.0000,
   2017,         0.3222,        36.3585,        22.3154,        43.0000,
   2017,         0.3368,        30.9136,        20.2116,        43.0000,
   2017,         0.3826,        39.1819,        26.7855,        43.0000,
   2017,         0.3000,        27.4827,        15.9474,        43.0000,
   2017,         0.2999,        24.1196,        13.8013,        43.0000,
   2017,         0.3000,        27.8390,        16.9952,        43.0000,
   2017,         0.3000,        24.6806,        14.7808,        43.0000,
   2017,         0.3000,        26.1880,        15.5238,        43.0000,
   2017,         0.3000,        26.1797,        15.6699,        43.0000,
   2017,         0.3000,        27.4055,        16.7378,        43.0000,
   2017,         0.3000,        21.8491,        12.3182,        43.0000,
   2017,         0.2999,        22.7058,        13.0728,        43.0000,
   2017,         0.3000,        24.9035,        15.0567,        43.0000,
   2017,         0.3000,        28.3957,        16.4123,        43.0000,
   2017,         0.2999,        29.3373,        17.5987,        43.0000,
   2017,         0.3000,        26.0669,        15.8461,        43.0000,
   2017,         0.3000,        31.6749,        17.9757,        43.0000,
   2017,         0.3000,        27.5263,        17.1355,        43.0000,
   2017,         0.3000,        24.8835,        15.6509,        43.0000,
   2017,         0.2999,        23.7875,        14.3225,        43.0000,
   2017,         0.3000,        25.1290,        14.8589,        43.0000,
   2017,         0.3000,        23.5093,        14.6035,        43.0000,
   2017,         0.3000,        25.8311,        16.1351,        43.0000,
   2017,         0.3000,        26.1068,        15.0976,        43.0000,
   2017,         0.3000,        28.4594,        16.7965,        43.0000,
   2017,         0.3000,        28.8599,        16.6707,        43.0000,
   2017,         0.2999,        24.8748,        15.3096,        43.0000,
   2017,         0.3000,        28.8430,        16.4672,        43.0000,
   2017,         0.3000,        26.6734,        15.2142,        43.0000,
   2017,         0.3000,        29.0483,        16.8059,        43.0000,
   2017,         0.3000,        26.6653,        15.5542,        43.0000,
   2017,         0.3578,        37.3619,        21.4893,        43.0000,
   2017,         0.3000,        24.6739,        14.3786,        43.0000,
   2017,         0.3064,        25.5089,        18.1004,        43.0000,
   2017,         0.3000,        26.5486,        15.9753,        43.0000,
   2017,         0.3000,        25.6974,        15.3400,        43.0000,
   2017,         0.3000,        23.3280,        13.8923,        43.0000,
   2017,         0.3000,        30.1080,        17.3946,        43.0000,
   2017,         0.3000,        24.7582,        14.7218,        43.0000,
   2017,         0.3000,        23.7056,        14.3070,        43.0000,
   2017,         0.3000,        28.7190,        17.1390,        43.0000,
   2017,         0.3000,        29.9794,        17.9048,        43.0000,
   2017,         0.3000,        26.7105,        15.8972,        43.0000,
   2017,         0.3000,        28.7826,        16.6454,        43.0000,
   2017,         0.2999,        25.5731,        14.8704,        43.0000,
   2017,         0.3000,        24.8596,        15.1209,        43.0000,
   2017,         0.3000,        31.4403,        18.1634,        43.0000,
   2017,         0.3000,        29.1015,        16.5393,        43.0000,
   2017,         0.3000,        21.8128,        12.1005,        43.0000,
   2017,         0.3000,        25.3606,        14.9754,        43.0000,
   2017,         0.2999,        31.6022,        18.6702,        43.0000,
   2017,         0.3000,        27.7414,        17.4310,        43.0000,
   2017,         0.3000,        30.6123,        17.9254,        43.0000,
   2017,         0.3000,        21.7505,        13.0076,        43.0000,
   2017,         0.3000,        27.3546,        15.9248,        43.0000,
   2017,         0.3000,        24.2517,        14.4089,        43.0000,
   2017,         0.3000,        30.1871,        17.9616,        43.0000,
   2017,         0.2999,        31.5244,        18.7894,        43.0000,
   2017,         0.2999,        21.7240,        12.0468,        43.0000,
   2017,         0.3000,        23.5729,        14.6497,        43.0000,
   2017,         0.2999,        29.4036,        17.8697,        43.0000,
   2017,         0.3000,        29.2143,        16.9186,        43.0000,
   2017,         0.3000,        29.6804,        17.9998,        43.0000,
   2017,         0.2999,        28.5425,        16.6398,        43.0000,
   2017,         0.3000,        29.5838,        17.9985,        43.0000,
   2017,         0.3000,        30.3989,        18.0073,        43.0000,
   2017,         0.2999,        27.9040,        16.2097,        43.0000,
   2017,         0.3000,        22.6872,        13.6429,        43.0000,
   2017,         0.3000,        28.0520,        17.5470,        43.0000,
   2017,         0.3000,        27.6692,        16.7637,        43.0000,
   2017,         0.3000,        28.7079,        18.4607,        43.0000,
   2017,         0.3000,        32.2271,        19.3036,        43.0000,
   2017,         0.3000,        25.8572,        16.0568,        43.0000,
   2017,         0.3000,        33.1568,        19.3414,        43.0000,
   2017,         0.3282,        33.9913,        21.5080,        43.0000,
   2017,         0.3000,        27.5900,        17.1437,        43.0000,
   2017,         0.3000,        23.2202,        14.9390,        43.0000,
   2017,         0.2999,        22.7943,        14.5087,        43.0000,
   2017,         0.2999,        25.2722,        14.8377,        43.0000,
   2017,         0.2999,        28.0799,        16.4051,        43.0000,
   2017,         0.3000,        22.5437,        14.4608,        43.0000,
   2017,         0.3000,        29.7658,        19.1598,        43.0000,
   2017,         0.3000,        25.4378,        16.8145,        43.0000,
   2017,         0.3000,        29.2760,        17.4571,        43.0000,
   2017,         0.3000,        23.2442,        14.9340,        43.0000,
   2017,         0.3000,        23.2911,        15.0745,        43.0000,
   2017,         0.3000,        24.1583,        15.7211,        43.0000,
   2017,         0.2999,        30.5834,        18.7565,        43.0000,
   2017,         0.3000,        23.9607,        15.5588,        43.0000,
   2017,         0.2999,        29.7289,        18.7951,        43.0000,
   2017,         0.2999,        24.5536,        15.9097,        43.0000,
   2017,         0.3000,        31.0723,        20.1618,        43.0000,
   2017,         0.3000,        23.5976,        15.5053,        43.0000,
   2017,         0.3000,        25.9610,        16.4697,        43.0000,
   2017,         0.3000,        29.4205,        19.2257,        43.0000,
   2017,         0.3136,        32.1610,        20.8988,        43.0000,
   2017,         0.3000,        23.6889,        15.2019,        43.0000,
   2017,         0.3000,        31.1485,        18.7207,        43.0000,
   2017,         0.3000,        24.6555,        15.8800,        43.0000,
   2017,         0.3000,        25.6504,        16.3112,        43.0000,
   2017,         0.2999,        31.1065,        18.0847,        43.0000,
   2017,         0.3000,        22.5075,        13.6933,        43.0000,
   2017,         0.3000,        28.7003,        17.4105,        43.0000,
   2017,         0.3000,        30.2385,        18.4587,        43.0000,
   2017,         0.3000,        21.4001,        12.8570,        43.0000,
   2017,         0.3000,        23.9865,        14.0831,        43.0000,
   2017,         0.2999,        26.3843,        15.9428,        43.0000,
   2017,         0.3000,        26.6646,        16.5404,        43.0000,
   2017,         0.3000,        24.0745,        13.7655,        43.0000,
   2017,         0.3000,        24.9035,        16.1583,        43.0000,
   2017,         0.3000,        29.4557,        18.0718,        43.0000,
   2017,         0.2999,        27.4022,        16.0239,        43.0000,
   2017,         0.3000,        25.4656,        16.1763,        43.0000,
   2017,         0.3000,        33.8736,        19.9465,        43.0000,
   2017,         0.3000,        30.5984,        18.6404,        43.0000,
   2017,         0.3000,        26.4326,        17.1119,        43.0000,
   2017,         0.3000,        32.0785,        20.2358,        43.0000,
   2017,         0.3021,        30.9330,        20.0610,        43.0000,
   2017,         0.3000,        28.7829,        18.4405,        43.0000,
   2017,         0.3000,        30.4892,        19.0784,        43.0000,
   2017,         0.3000,        27.5434,        17.8835,        43.0000,
   2017,         0.3105,        28.8589,        18.8634,        43.0000,
   2017,         0.3000,        27.0461,        16.7891,        43.0000,
   2017,         0.3000,        32.2035,        18.9706,        43.0000,
   2017,         0.3000,        24.4644,        14.5628,        43.0000,
   2017,         0.3000,        31.6751,        18.7319,        43.0000,
   2017,         0.3000,        29.0048,        17.0019,        43.0000,
   2017,         0.3000,        28.7324,        17.4871,        43.0000,
   2017,         0.3000,        26.3556,        15.7704,        43.0000,
   2017,         0.3000,        27.0294,        16.9624,        43.0000,
   2017,         0.3000,        30.7782,        18.6228,        43.0000,
   2017,         0.3000,        33.4095,        20.1398,        43.0000,
   2017,         0.3000,        31.9606,        20.1016,        43.0000,
   2017,         0.3000,        26.8811,        17.0000,        43.0000,
   2017,         0.3147,        33.3973,        20.4631,        43.0000,
   2017,         0.3000,        34.9395,        21.2894,        43.0000,
   2017,         0.3000,        28.6967,        17.6490,        43.0000,
   2017,         0.3000,        27.1609,        16.1730,        43.0000,
   2017,         0.3000,        28.2432,        17.1702,        43.0000,
   2017,         0.3000,        25.9213,        15.3111,        43.0000,
   2017,         0.3000,        26.5547,        16.2808,        43.0000,
   2017,         0.3000,        30.0456,        18.0241,        43.0000,
   2017,         0.2999,        35.6619,        21.4227,        43.0000,
   2017,         0.2999,        27.6380,        17.2826,        43.0000,
   2017,         0.3000,        27.9265,        17.6822,        43.0000,
   2017,         0.3000,        24.7029,        15.3337,        43.0000,
   2017,         0.3000,        29.0844,        19.0652,        43.0000,
   2017,         0.3000,        22.3514,        14.3185,        43.0000,
   2017,         0.3000,        29.5197,        18.3323,        43.0000,
   2017,         0.3000,        22.5065,        12.9340,        43.0000,
   2017,         0.3000,        28.6403,        17.8739,        43.0000,
   2017,         0.3000,        26.5962,        16.8479,        43.0000,
   2017,         0.2999,        25.2064,        15.5351,        43.0000,
   2017,         0.3000,        26.5054,        17.4380,        43.0000,
   2017,         0.3000,        28.4052,        17.9807,        43.0000,
   2017,         0.3000,        31.7436,        18.8352,        43.0000,
   2017,         0.3000,        35.0431,        21.0035,        43.0000,
   2017,         0.2999,        25.6624,        16.6602,        43.0000,
   2017,         0.3275,        35.7393,        22.2164,        43.0000,
   2017,         0.3000,        28.9950,        19.1064,        43.0000,
   2017,         0.3000,        23.3263,        16.6721,        43.0000,
   2017,         0.3000,        26.0376,        17.2078,        43.0000,
   2017,         0.3000,        29.7479,        18.8750,        43.0000,
   2017,         0.2999,        34.6500,        20.5634,        43.0000,
   2017,         0.3000,        28.9513,        18.2985,        43.0000,
   2017,         0.3000,        28.8413,        18.7833,        43.0000,
   2017,         0.3000,        26.6169,        17.9366,        43.0000,
   2017,         0.3433,        36.7391,        23.1935,        43.0000,
   2017,         0.3000,        29.7106,        18.7292,        43.0000,
   2017,         0.3000,        24.3180,        15.9111,        43.0000,
   2017,         0.3000,        32.4927,        20.4642,        43.0000,
   2017,         0.3000,        27.0421,        17.2077,        43.0000,
   2017,         0.2999,        25.7229,        15.8514,        43.0000,
   2017,         0.3000,        27.3795,        17.6349,        43.0000,
   2017,         0.3000,        25.7781,        17.5498,        43.0000,
   2017,         0.3000,        28.0260,        17.6134,        43.0000,
   2017,         0.3000,        24.3530,        14.4446,        43.0000,
   2017,         0.3000,        24.5534,        15.8029,        43.0000,
   2017,         0.3000,        27.9878,        19.1377,        43.0000,
   2017,         0.3000,        25.4088,        16.5404,        43.0000,
   2017,         0.3000,        29.2218,        19.2733,        43.0000,
   2017,         0.3000,        22.9571,        15.2260,        43.0000,
   2017,         0.3000,        25.4715,        15.9482,        43.0000,
   2017,         0.3000,        26.0105,        16.2010,        43.0000,
   2017,         0.3000,        32.7483,        20.2216,        43.0000,
   2017,         0.3000,        23.6532,        15.2150,        43.0000,
   2017,         0.3000,        23.9169,        12.7968,        43.0000,
   2017,         0.2999,        25.0431,        15.5174,        43.0000,
   2017,         0.3000,        30.0915,        18.9655,        43.0000,
   2017,         0.3000,        28.8412,        18.0079,        43.0000,
   2017,         0.3000,        26.7340,        17.6357,        43.0000,
   2017,         0.3000,        30.1884,        19.0888,        43.0000,
   2017,         0.3000,        23.0681,        13.5854,        43.0000,
   2017,         0.3000,        24.4690,        15.8243,        43.0000,
   2017,         0.3000,        25.6170,        16.4970,        43.0000,
   2017,         0.3000,        26.5391,        16.8739,        43.0000,
   2017,         0.3000,        27.4441,        17.4113,        43.0000,
   2017,         0.3000,        28.1878,        17.5294,        43.0000,
   2017,         0.3000,        34.5341,        20.5304,        43.0000,
   2017,         0.3000,        30.5825,        19.1735,        43.0000,
   2017,         0.3000,        21.7960,        10.4971,        43.0000,
   2017,         0.3000,        23.1960,        15.0836,        43.0000,
   2017,         0.3000,        25.4860,        15.7855,        43.0000,
   2017,         0.3000,        31.0425,        18.2264,        43.0000,
   2017,         0.3000,        31.4210,        19.1102,        43.0000,
   2017,         0.3000,        23.6282,        15.1381,        43.0000,
   2017,         0.3000,        23.7940,        15.0911,        43.0000,
   2017,         0.3000,        25.0774,        15.7797,        43.0000,
   2017,         0.3000,        25.4240,        16.2024,        43.0000,
   2017,         0.3000,        26.0842,        15.4919,        43.0000,
   2017,         0.3000,        22.4080,        13.6209,        43.0000,
   2017,         0.3000,        26.8529,        16.2820,        43.0000,
   2017,         0.2999,        21.4082,        10.3427,        43.0000,
   2017,         0.3000,        22.9683,        14.5044,        43.0000,
   2017,         0.2999,        25.0033,        15.3384,        43.0000,
   2017,         0.3000,        25.5981,        16.3830,        43.0000,
   2017,         0.2999,        22.9077,        11.9431,        43.0000,
   2017,         0.3000,        26.3429,        16.1830,        43.0000,
   2017,         0.3000,        25.2484,        16.0062,        43.0000,
   2017,         0.3000,        27.5963,        17.1248,        43.0000,
   2017,         0.3000,        28.8204,        17.0625,        43.0000,
   2017,         0.3000,        24.9552,        16.2572,        43.0000,
   2017,         0.2999,        25.8896,        16.6958,        43.0000,
   2017,         0.2999,        28.1070,        17.7683,        43.0000,
   2017,         0.3000,        29.3797,        19.1881,        43.0000,
   2017,         0.3000,        29.7414,        19.4386,        43.0000,
   2017,         0.3000,        36.3372,        22.0830,        43.0000,
   2017,         0.3000,        22.0827,        10.5099,        43.0000,
   2017,         0.2999,        29.9678,        18.6845,        43.0000,
   2017,         0.3000,        33.0990,        20.5745,        43.0000,
   2017,         0.3000,        31.3303,        19.6246,        43.0000,
   2017,         0.2999,        23.2936,        13.0599,        43.0000,
   2017,         0.3000,        31.9796,        19.7019,        43.0000,
   2017,         0.3000,        24.8255,        15.9196,        43.0000,
   2017,         0.3000,        24.2099,        15.4710,        43.0000,
   2017,         0.3000,        25.9902,        16.8434,        43.0000,
   2017,         0.3000,        28.2264,        18.2556,        43.0000,
   2017,         0.3000,        22.1762,        13.2222,        43.0000,
   2017,         0.3000,        29.5517,        18.2245,        43.0000,
   2017,         0.3000,        24.2460,        15.5078,        43.0000,
   2017,         0.3173,        32.7295,        20.5746,        43.0000,
   2017,         0.3000,        28.1783,        17.7421,        43.0000,
   2017,         0.3000,        25.4322,        16.3918,        43.0000,
   2017,         0.3000,        24.4066,        15.6463,        43.0000,
   2017,         0.3000,        30.5400,        18.7677,        43.0000,
   2017,         0.3015,        25.5226,        17.2132,        43.0000,
   2017,         0.6697,        57.3160,        33.4774,        43.0000,
   2017,         0.4123,        36.4378,        22.4432,        43.0000,
   2017,         0.5340,        45.3714,        26.7011,        43.0000,
   2017,         0.3114,        31.7098,        19.6620,        43.0000,
   2017,         0.5916,        51.7040,        29.7503,        43.0000,
   2017,         0.6486,        56.2180,        32.4459,        43.0000,
   2017,         0.3063,        27.5462,        18.1789,        43.0000,
   2017,         0.4342,        42.3185,        25.4239,        43.0000,
   2017,         0.5202,        41.0265,        24.7938,        43.0000,
   2017,         0.3000,        22.4100,        14.5112,        43.0000,
   2017,         0.3000,        28.4399,        17.6459,        43.0000,
   2017,         0.3862,        35.9569,        22.5304,        43.0000,
   2017,         0.3000,        25.5675,        17.3312,        43.0000,
   2017,         0.4916,        44.2602,        26.2037,        43.0000,
   2017,         0.5009,        40.6438,        24.6065,        43.0000,
   2017,         0.3000,        30.7162,        18.6893,        43.0000,
   2017,         0.5401,        47.3868,        27.9379,        43.0000,
   2017,         0.3000,        26.1707,        17.3805,        43.0000,
   2017,         0.3245,        32.1856,        20.6940,        43.0000,
   2017,         0.3000,        32.2967,        19.4483,        43.0000,
   2017,         0.3000,        29.5778,        19.3652,        43.0000,
   2017,         0.3000,        26.6284,        17.5897,        43.0000,
   2017,         0.3000,        24.9746,        16.8037,        43.0000,
   2017,         0.3000,        29.4332,        18.1998,        43.0000,
   2017,         0.3332,        37.9956,        22.1190,        43.0000,
   2017,         0.3135,        32.8833,        20.4018,        43.0000,
   2017,         0.4514,        40.7629,        24.4267,        43.0000,
   2017,         0.3065,        33.5338,        20.5106,        43.0000,
   2017,         0.4884,        49.3742,        29.3193,        43.0000,
   2017,         0.3006,        33.1345,        19.9420,        43.0000,
   2017,         0.3000,        26.5507,        16.3046,        43.0000,
   2017,         0.3000,        22.8630,        14.6436,        43.0000,
   2017,         0.3000,        31.3678,        18.7819,        43.0000,
   2017,         0.3000,        22.2849,        14.4169,        43.0000,
   2017,         0.3000,        22.8826,        14.5256,        43.0000,
   2017,         0.3000,        27.2031,        17.3877,        43.0000,
   2017,         0.3000,        26.1936,        15.8060,        43.0000,
   2017,         0.2999,        25.1876,        14.2173,        43.0000,
   2017,         0.3000,        27.9147,        16.6215,        43.0000,
   2017,         0.3000,        27.4409,        15.7617,        43.0000,
   2017,         0.3000,        22.3029,        10.9453,        43.0000,
   2017,         0.3000,        27.2542,        16.4253,        43.0000,
   2017,         0.3000,        30.4745,        16.7531,        43.0000,
   2017,         0.3000,        22.6929,        14.4109,        43.0000,
   2017,         0.3000,        27.8919,        16.7302,        43.0000,
   2017,         0.3000,        29.5426,        17.9025,        43.0000,
   2017,         0.2999,        30.9804,        17.2833,        43.0000,
   2017,         0.3000,        27.5431,        17.0101,        43.0000,
   2017,         0.3000,        27.4025,        15.6296,        43.0000,
   2017,         0.3103,        34.9730,        20.6081,        43.0000,
   2017,         0.3000,        22.1540,        13.6379,        43.0000,
   2017,         0.2999,        23.3413,        14.1507,        43.0000,
   2017,         0.3000,        32.3341,        19.4072,        43.0000,
   2017,         0.3000,        23.3934,        14.9396,        43.0000,
   2017,         0.3000,        23.3007,        14.2258,        43.0000,
   2017,         0.2999,        28.3379,        17.2025,        43.0000,
   2017,         0.3000,        23.3299,        14.8306,        43.0000,
   2017,         0.2999,        31.6143,        18.7837,        43.0000,
   2017,         0.2999,        32.1759,        19.2520,        43.0000,
   2017,         0.2999,        28.9302,        17.5267,        43.0000,
   2017,         0.3000,        24.5976,        15.8305,        43.0000,
   2017,         0.2999,        27.9940,        17.8483,        43.0000,
   2017,         0.3097,        31.8705,        20.2589,        43.0000,
   2017,         0.3000,        22.2659,        11.2877,        43.0000,
   2017,         0.3000,        24.3783,        14.7978,        43.0000,
   2017,         0.3000,        26.6199,        16.5328,        43.0000,
   2017,         0.3000,        25.7620,        16.3528,        43.0000,
   2017,         0.3000,        32.0255,        19.8608,        43.0000,
   2017,         0.3000,        24.3432,        15.8109,        43.0000,
   2017,         0.2999,        29.3582,        17.9859,        43.0000,
   2017,         0.2999,        22.5484,        15.3142,        43.0000,
   2017,         0.2999,        25.3476,        16.7556,        43.0000,
   2017,         0.3000,        25.0374,        16.5509,        43.0000,
   2017,         0.3000,        28.3614,        18.1661,        43.0000,
   2017,         0.3163,        36.2166,        22.9998,        43.0000,
   2017,         0.3000,        31.4510,        20.9490,        43.0000,
   2017,         0.3000,        30.0940,        18.8695,        43.0000,
   2017,         0.2999,        21.9032,        12.7411,        43.0000,
