      1,         0.5750
      2,         0.5750
      3,         0.5750
      4,         0.5750
      5,         0.5750
      6,         0.5750
      7,         0.5750
      8,         0.5750
      9,         0.5750
     10,         0.5750
     11,         0.5750
     12,         0.5750
     13,         0.5750
     14,         0.5750
     15,         0.5750
     16,         0.5750
     17,         0.5750
     18,         0.5750
     19,         0.5750
     20,         0.5750
     21,         0.5750
     22,         0.5750
     23,         0.5750
     24,         0.5750
     25,         0.5750
     26,         0.5750
     27,         0.5750
     28,         0.5750
     29,         0.5750
     30,         0.5750
     31,         0.5750
     32,         0.5750
     33,         0.5750
     34,         0.5750
     35,         0.5750
     36,         0.5750
     37,         0.5750
     38,         0.5750
     39,         0.5750
     40,         0.5750
     41,         0.5750
     42,         0.5750
     43,         0.5750
     44,         0.5750
     45,         0.5750
     46,         0.5750
     47,         0.5750
     48,         0.5750
     49,         0.5750
     50,         0.5750
     51,         0.5750
     52,         0.5750
     53,         0.5750
     54,         0.5750
     55,         0.5750
     56,         0.5750
     57,         0.5750
     58,         0.5750
     59,         0.5750
     60,         0.5750
     61,         0.5750
     62,         0.5750
     63,         0.5750
     64,         0.5750
     65,         0.5750
     66,         0.5750
     67,         0.5750
     68,         0.5750
     69,         0.5750
     70,         0.5750
     71,         0.5750
     72,         0.5750
     73,         0.5750
     74,         0.5750
     75,         0.5750
     76,         0.5750
     77,         0.5750
     78,         0.5750
     79,         0.5750
     80,         0.5750
     81,         0.5750
     82,         0.5750
     83,         0.5750
     84,         0.5750
     85,         0.5750
     86,         0.5750
     87,         0.5750
     88,         0.5750
     89,         0.5750
     90,         0.5750
     91,         0.5750
     92,         0.5750
     93,         0.5750
     94,         0.5750
     95,         0.5750
     96,         0.5750
     97,         0.5750
     98,         0.5750
     99,         0.5750
    100,         0.5750
    101,         0.5750
    102,         0.5750
    103,         0.5750
    104,         0.5750
    105,         0.5750
    106,         0.5750
    107,         0.5750
    108,         0.5750
    109,         0.5750
    110,         0.5750
    111,         0.5750
    112,         0.5750
    113,         0.5750
    114,         0.5750
    115,         0.5750
    116,         0.5750
    117,         0.5750
    118,         0.5750
    119,         0.5750
    120,         0.5750
    121,         0.5750
    122,         0.5750
    123,         0.5750
    124,         0.5750
    125,         0.5750
    126,         0.5750
    127,         0.5750
    128,         0.5750
    129,         0.5750
    130,         0.5750
    131,         0.5750
    132,         0.5750
    133,         0.5750
    134,         0.5750
    135,         0.5750
    136,         0.5750
    137,         0.5750
    138,         0.5750
    139,         0.5750
    140,         0.5750
    141,         0.5750
    142,         0.5750
    143,         0.5750
    144,         0.5750
    145,         0.5750
    146,         0.5750
    147,         0.5750
    148,         0.5750
    149,         0.5750
    150,         0.5750
    151,         0.5750
    152,         0.5750
    153,         0.5750
    154,         0.5750
    155,         0.5750
    156,         0.5750
    157,         0.5750
    158,         0.5750
    159,         0.5750
    160,         0.5750
    161,         0.5750
    162,         0.5750
    163,         0.5750
    164,         0.5750
    165,         0.5750
    166,         0.5750
    167,         0.5750
    168,         0.5750
    169,         0.5750
    170,         0.5750
    171,         0.5750
    172,         0.5750
    173,         0.5750
    174,         0.5750
    175,         0.5750
    176,         0.5750
    177,         0.5750
    178,         0.5750
    179,         0.5750
    180,         0.5750
    181,         0.5750
    182,         0.5750
    183,         0.5750
    184,         0.5750
    185,         0.5750
    186,         0.5750
    187,         0.5750
    188,         0.5750
    189,         0.5750
    190,         0.5750
    191,         0.5750
    192,         0.5750
    193,         0.5750
    194,         0.5750
    195,         0.5750
    196,         0.5750
    197,         0.5750
    198,         0.5750
    199,         0.5750
    200,         0.5750
    201,         0.5750
    202,         0.5750
    203,         0.5750
    204,         0.5750
    205,         0.5750
    206,         0.5750
    207,         0.5750
    208,         0.5750
    209,         0.5750
    210,         0.5750
    211,         0.5750
    212,         0.5750
    213,         0.5750
    214,         0.5750
    215,         0.5750
    216,         0.5750
    217,         0.5750
    218,         0.5750
    219,         0.5750
    220,         0.5750
    221,         0.5750
    222,         0.5750
    223,         0.5750
    224,         0.5750
    225,         0.5750
    226,         0.5750
    227,         0.5750
    228,         0.5750
    229,         0.5750
    230,         0.5750
    231,         0.5750
    232,         0.5750
    233,         0.5750
    234,         0.5750
    235,         0.5750
    236,         0.5750
    237,         0.5750
    238,         0.5750
    239,         0.5750
    240,         0.5750
    241,         0.5750
    242,         0.5750
    243,         0.5750
    244,         0.5750
    245,         0.5750
    246,         0.5750
    247,         0.5750
    248,         0.5750
    249,         0.5750
    250,         0.5750
    251,         0.5750
    252,         0.5750
    253,         0.5750
    254,         0.5750
    255,         0.5750
    256,         0.5750
    257,         0.5750
    258,         0.5750
    259,         0.5750
    260,         0.5750
    261,         0.5750
    262,         0.5750
    263,         0.5750
    264,         0.5750
    265,         0.5750
    266,         0.5750
    267,         0.5750
    268,         0.5750
    269,         0.5750
    270,         0.5750
    271,         0.5750
    272,         0.5750
    273,         0.5750
    274,         0.5750
    275,         0.5750
    276,         0.5750
    277,         0.5750
    278,         0.5750
    279,         0.5750
    280,         0.5750
    281,         0.5750
    282,         0.5750
    283,         0.5750
    284,         0.5750
    285,         0.5750
    286,         0.5750
    287,         0.5750
    288,         0.5750
    289,         0.5750
    290,         0.5750
    291,         0.5750
    292,         0.5750
    293,         0.5750
    294,         0.5750
    295,         0.5750
    296,         0.5750
    297,         0.5750
    298,         0.5750
    299,         0.5750
    300,         0.5750
    301,         0.5750
    302,         0.5750
    303,         0.5750
    304,         0.5750
    305,         0.5750
    306,         0.5750
    307,         0.5750
    308,         0.5750
    309,         0.5750
    310,         0.5750
    311,         0.5750
    312,         0.5750
    313,         0.5750
    314,         0.5750
    315,         0.5750
    316,         0.5750
    317,         0.5750
    318,         0.5750
    319,         0.5750
    320,         0.5750
    321,         0.5750
    322,         0.5750
    323,         0.5750
    324,         0.5750
    325,         0.5750
    326,         0.5750
    327,         0.5750
    328,         0.5750
    329,         0.5750
    330,         0.5750
    331,         0.5750
    332,         0.5750
    333,         0.5750
    334,         0.5750
    335,         0.5750
    336,         0.5750
    337,         0.5750
    338,         0.5750
    339,         0.5750
    340,         0.5750
    341,         0.5750
    342,         0.5750
    343,         0.5750
    344,         0.5750
    345,         0.5750
    346,         0.5750
    347,         0.5750
    348,         0.5750
    349,         0.5750
    350,         0.5750
    351,         0.5750
    352,         0.5750
    353,         0.5750
    354,         0.5750
    355,         0.5750
    356,         0.5750
    357,         0.5750
    358,         0.5750
    359,         0.5750
    360,         0.5750
    361,         0.5750
    362,         0.5750
    363,         0.5750
    364,         0.5750
    365,         0.5750
    366,         0.5750
    367,         0.5750
    368,         0.5750
    369,         0.5750
    370,         0.5750
    371,         0.5750
    372,         0.5750
    373,         0.5750
    374,         0.5750
    375,         0.5750
    376,         0.5750
    377,         0.5750
    378,         0.5750
    379,         0.5750
    380,         0.5750
    381,         0.5750
    382,         0.5750
    383,         0.5750
    384,         0.5750
    385,         0.5750
    386,         0.5750
    387,         0.5750
    388,         0.5750
    389,         0.5750
    390,         0.5750
    391,         0.5750
    392,         0.5750
    393,         0.5750
    394,         0.5750
    395,         0.5750
    396,         0.5750
    397,         0.5750
    398,         0.5750
    399,         0.5750
    400,         0.5750
    401,         0.5750
    402,         0.5750
    403,         0.5750
    404,         0.5750
    405,         0.5750
    406,         0.5750
    407,         0.5750
    408,         0.5750
    409,         0.5750
    410,         0.5750
    411,         0.5750
    412,         0.5750
    413,         0.5750
    414,         0.5750
    415,         0.5750
    416,         0.5750
    417,         0.5750
    418,         0.5750
    419,         0.5750
    420,         0.5750
    421,         0.5750
    422,         0.5750
    423,         0.5750
    424,         0.5750
    425,         0.5750
    426,         0.5750
    427,         0.5750
    428,         0.5750
    429,         0.5750
    430,         0.5750
    431,         0.5750
    432,         0.5750
    433,         0.5750
    434,         0.5750
    435,         0.5750
    436,         0.5750
    437,         0.5750
    438,         0.5750
    439,         0.5750
    440,         0.5750
    441,         0.5750
    442,         0.5750
    443,         0.5750
    444,         0.5750
    445,         0.5750
    446,         0.5750
    447,         0.5750
    448,         0.5750
    449,         0.5750
    450,         0.5750
    451,         0.5750
    452,         0.5750
    453,         0.5750
    454,         0.5750
    455,         0.5750
    456,         0.5750
    457,         0.5750
    458,         0.5750
    459,         0.5750
    460,         0.5750
    461,         0.5750
    462,         0.5750
    463,         0.5750
    464,         0.5750
    465,         0.5750
    466,         0.5750
    467,         0.5750
    468,         0.5750
    469,         0.5750
    470,         0.5750
    471,         0.5750
    472,         0.5750
    473,         0.5750
    474,         0.5750
    475,         0.5750
    476,         0.5750
    477,         0.5750
    478,         0.5750
    479,         0.5750
    480,         0.5750
    481,         0.5750
    482,         0.5750
    483,         0.5750
    484,         0.5750
    485,         0.5750
    486,         0.5750
    487,         0.5750
    488,         0.5750
    489,         0.5750
    490,         0.5750
    491,         0.5750
    492,         0.5750
    493,         0.5750
    494,         0.5750
    495,         0.5750
    496,         0.5750
    497,         0.5750
    498,         0.5750
    499,         0.5750
    500,         0.5750
    501,         0.5750
    502,         0.5750
    503,         0.5750
    504,         0.5750
    505,         0.5750
    506,         0.5750
    507,         0.5750
    508,         0.5750
    509,         0.5750
    510,         0.5750
    511,         0.5750
    512,         0.5750
    513,         0.5750
    514,         0.5750
    515,         0.5750
    516,         0.5750
    517,         0.5750
    518,         0.5750
    519,         0.5750
    520,         0.5750
    521,         0.5750
    522,         0.5750
    523,         0.5750
    524,         0.5750
    525,         0.5750
    526,         0.5750
    527,         0.5750
    528,         0.5750
    529,         0.5750
    530,         0.5750
    531,         0.5750
    532,         0.5750
    533,         0.5750
    534,         0.5750
    535,         0.5750
    536,         0.5750
    537,         0.5750
    538,         0.5750
    539,         0.5750
    540,         0.5750
    541,         0.5750
    542,         0.5750
    543,         0.5750
    544,         0.5750
    545,         0.5750
    546,         0.5750
    547,         0.5750
    548,         0.5750
    549,         0.5750
    550,         0.5750
    551,         0.5750
    552,         0.5750
    553,         0.5750
    554,         0.5750
    555,         0.5750
    556,         0.5750
    557,         0.5750
    558,         0.5750
    559,         0.5750
    560,         0.5750
    561,         0.5750
    562,         0.5750
    563,         0.5750
    564,         0.5750
    565,         0.5750
    566,         0.5750
    567,         0.5750
    568,         0.5750
    569,         0.5750
    570,         0.5750
    571,         0.5750
    572,         0.5750
    573,         0.5750
    574,         0.5750
    575,         0.5750
    576,         0.5750
    577,         0.5750
    578,         0.5750
    579,         0.5750
    580,         0.5750
    581,         0.5750
    582,         0.5750
    583,         0.5750
    584,         0.5750
    585,         0.5750
    586,         0.5750
    587,         0.5750
    588,         0.5750
    589,         0.5750
    590,         0.5750
    591,         0.5750
    592,         0.5750
    593,         0.5750
    594,         0.5750
    595,         0.5750
    596,         0.5750
    597,         0.5750
    598,         0.5750
    599,         0.5750
    600,         0.5750
    601,         0.5750
    602,         0.5750
    603,         0.5750
    604,         0.5750
    605,         0.5750
    606,         0.5750
    607,         0.5750
    608,         0.5750
    609,         0.5750
    610,         0.5750
    611,         0.5750
    612,         0.5750
    613,         0.5750
    614,         0.5750
    615,         0.5750
    616,         0.5750
    617,         0.5750
    618,         0.5750
    619,         0.5750
    620,         0.5750
    621,         0.5750
    622,         0.5750
    623,         0.5750
    624,         0.5750
    625,         0.5750
    626,         0.5750
    627,         0.5750
    628,         0.5750
    629,         0.5750
    630,         0.5750
    631,         0.5750
    632,         0.5750
    633,         0.5750
    634,         0.5750
    635,         0.5750
    636,         0.5750
    637,         0.5750
    638,         0.5750
    639,         0.5750
    640,         0.5750
    641,         0.5750
    642,         0.5750
    643,         0.5750
    644,         0.5750
    645,         0.5750
    646,         0.5750
    647,         0.5750
    648,         0.5750
    649,         0.5750
    650,         0.5750
    651,         0.5750
    652,         0.5750
    653,         0.5750
    654,         0.5750
    655,         0.5750
    656,         0.5750
    657,         0.5750
    658,         0.5750
    659,         0.5750
    660,         0.5750
    661,         0.5750
    662,         0.5750
    663,         0.5750
    664,         0.5750
    665,         0.5750
    666,         0.5750
    667,         0.5750
    668,         0.5750
    669,         0.5750
    670,         0.5750
    671,         0.5750
    672,         0.5750
    673,         0.5750
    674,         0.5750
    675,         0.5750
    676,         0.5750
    677,         0.5750
    678,         0.5750
    679,         0.5750
    680,         0.5750
    681,         0.5750
    682,         0.5750
    683,         0.5750
    684,         0.5750
    685,         0.5750
    686,         0.5750
    687,         0.5750
    688,         0.5750
    689,         0.5750
    690,         0.5750
    691,         0.5750
    692,         0.5750
    693,         0.5750
    694,         0.5750
    695,         0.5750
    696,         0.5750
    697,         0.5750
    698,         0.5750
    699,         0.5750
    700,         0.5750
    701,         0.5750
    702,         0.5750
    703,         0.5750
    704,         0.5750
    705,         0.5750
    706,         0.5750
    707,         0.5750
    708,         0.5750
    709,         0.5750
    710,         0.5750
    711,         0.5750
    712,         0.5750
    713,         0.5750
    714,         0.5750
    715,         0.5750
    716,         0.5750
    717,         0.5750
    718,         0.5750
    719,         0.5750
    720,         0.5750
    721,         0.5750
    722,         0.5750
    723,         0.5750
    724,         0.5750
    725,         0.5750
    726,         0.5750
    727,         0.5750
    728,         0.5750
    729,         0.5750
    730,         0.5750
    731,         0.5750
    732,         0.5750
    733,         0.5750
    734,         0.5750
    735,         0.5750
    736,         0.5750
    737,         0.5750
    738,         0.5750
    739,         0.5750
    740,         0.5750
    741,         0.5750
    742,         0.5750
    743,         0.5750
    744,         0.5750
    745,         0.5750
    746,         0.5750
    747,         0.5750
    748,         0.5750
    749,         0.5750
    750,         0.5750
    751,         0.5750
    752,         0.5750
    753,         0.5750
    754,         0.5750
    755,         0.5750
    756,         0.5750
    757,         0.5750
    758,         0.5750
    759,         0.5750
    760,         0.5750
    761,         0.5750
    762,         0.5750
    763,         0.5750
    764,         0.5750
    765,         0.5750
    766,         0.5750
    767,         0.5750
    768,         0.5750
    769,         0.5750
    770,         0.5750
    771,         0.5750
    772,         0.5750
    773,         0.5750
    774,         0.5750
    775,         0.5750
    776,         0.5750
    777,         0.5750
    778,         0.5750
    779,         0.5750
    780,         0.5750
    781,         0.5750
    782,         0.5750
    783,         0.5750
    784,         0.5750
    785,         0.5750
    786,         0.5750
    787,         0.5750
    788,         0.5750
    789,         0.5750
    790,         0.5750
    791,         0.5750
    792,         0.5750
    793,         0.5750
    794,         0.5750
    795,         0.5750
    796,         0.5750
    797,         0.5750
    798,         0.5750
    799,         0.5750
    800,         0.5750
    801,         0.5750
    802,         0.5750
    803,         0.5750
    804,         0.5750
    805,         0.5750
    806,         0.5750
    807,         0.5750
    808,         0.5750
    809,         0.5750
    810,         0.5750
    811,         0.5750
    812,         0.5750
    813,         0.5750
    814,         0.5750
    815,         0.5750
    816,         0.5750
    817,         0.5750
    818,         0.5750
    819,         0.5750
    820,         0.5750
    821,         0.5750
    822,         0.5750
    823,         0.5750
    824,         0.5750
    825,         0.5750
    826,         0.5750
    827,         0.5750
    828,         0.5750
    829,         0.5750
    830,         0.5750
    831,         0.5750
    832,         0.5750
    833,         0.5750
    834,         0.5750
    835,         0.5750
    836,         0.5750
    837,         0.5750
    838,         0.5750
    839,         0.5750
    840,         0.5750
    841,         0.5750
    842,         0.5750
    843,         0.5750
    844,         0.5750
    845,         0.5750
    846,         0.5750
    847,         0.5750
    848,         0.5750
    849,         0.5750
    850,         0.5750
    851,         0.5750
    852,         0.5750
    853,         0.5750
    854,         0.5750
    855,         0.5750
    856,         0.5750
    857,         0.5750
    858,         0.5750
    859,         0.5750
    860,         0.5750
    861,         0.5750
    862,         0.5750
    863,         0.5750
    864,         0.5750
    865,         0.5750
    866,         0.5750
    867,         0.5750
    868,         0.5750
    869,         0.5750
    870,         0.5750
    871,         0.5750
    872,         0.5750
    873,         0.5750
    874,         0.5750
    875,         0.5750
    876,         0.5750
    877,         0.5750
    878,         0.5750
    879,         0.5750
    880,         0.5750
    881,         0.5750
    882,         0.5750
    883,         0.5750
    884,         0.5750
    885,         0.5750
    886,         0.5750
    887,         0.5750
    888,         0.5750
    889,         0.5750
    890,         0.5750
    891,         0.5750
    892,         0.5750
    893,         0.5750
    894,         0.5750
    895,         0.5750
    896,         0.5750
    897,         0.5750
    898,         0.5750
    899,         0.5750
    900,         0.5750
    901,         0.5750
    902,         0.5750
    903,         0.5750
    904,         0.5750
    905,         0.5750
    906,         0.5750
    907,         0.5750
    908,         0.5750
    909,         0.5750
    910,         0.5750
    911,         0.5750
    912,         0.5750
    913,         0.5750
    914,         0.5750
    915,         0.5750
    916,         0.5750
    917,         0.5750
    918,         0.5750
    919,         0.5750
    920,         0.5750
    921,         0.5750
    922,         0.5750
    923,         0.5750
    924,         0.5750
    925,         0.5750
    926,         0.5750
    927,         0.5750
    928,         0.5750
    929,         0.5750
    930,         0.5750
    931,         0.5750
    932,         0.5750
    933,         0.5750
    934,         0.5750
    935,         0.5750
    936,         0.5750
    937,         0.5750
    938,         0.5750
    939,         0.5750
    940,         0.5750
    941,         0.5750
    942,         0.5750
    943,         0.5750
    944,         0.5750
    945,         0.5750
    946,         0.5750
    947,         0.5750
    948,         0.5750
    949,         0.5750
    950,         0.5750
    951,         0.5750
    952,         0.5750
    953,         0.5750
    954,         0.5750
    955,         0.5750
    956,         0.5750
    957,         0.5750
    958,         0.5750
    959,         0.5750
    960,         0.5750
    961,         0.5750
    962,         0.5750
    963,         0.5750
    964,         0.5750
    965,         0.5750
    966,         0.5750
    967,         0.5750
    968,         0.5750
    969,         0.5750
    970,         0.5750
    971,         0.5750
    972,         0.5750
    973,         0.5750
    974,         0.5750
    975,         0.5750
    976,         0.5750
    977,         0.5750
    978,         0.5750
    979,         0.5750
    980,         0.5750
    981,         0.5750
    982,         0.5750
    983,         0.5750
    984,         0.5750
    985,         0.5750
    986,         0.5750
    987,         0.5750
    988,         0.5750
    989,         0.5750
    990,         0.5750
    991,         0.5750
    992,         0.5750
    993,         0.5750
    994,         0.5750
    995,         0.5750
    996,         0.5750
    997,         0.5750
    998,         0.5750
    999,         0.5750
   1000,         0.5750
   1001,         0.5750
   1002,         0.5750
   1003,         0.5750
   1004,         0.5750
   1005,         0.5750
   1006,         0.5750
   1007,         0.5750
   1008,         0.5750
   1009,         0.5750
   1010,         0.5750
   1011,         0.5750
   1012,         0.5750
   1013,         0.5750
   1014,         0.5750
   1015,         0.5750
   1016,         0.5750
   1017,         0.5750
   1018,         0.5750
   1019,         0.5750
   1020,         0.5750
   1021,         0.5750
   1022,         0.5750
   1023,         0.5750
   1024,         0.5750
   1025,         0.5750
   1026,         0.5750
   1027,         0.5750
   1028,         0.5750
   1029,         0.5750
   1030,         0.5750
   1031,         0.5750
   1032,         0.5750
   1033,         0.5750
   1034,         0.5750
   1035,         0.5750
   1036,         0.5750
   1037,         0.5750
   1038,         0.5750
   1039,         0.5750
   1040,         0.5750
   1041,         0.5750
   1042,         0.5750
   1043,         0.5750
   1044,         0.5750
   1045,         0.5750
   1046,         0.5750
   1047,         0.5750
   1048,         0.5750
   1049,         0.5750
   1050,         0.5750
   1051,         0.5750
   1052,         0.5750
   1053,         0.5750
   1054,         0.5750
   1055,         0.5750
   1056,         0.5750
   1057,         0.5750
   1058,         0.5750
   1059,         0.5750
   1060,         0.5750
   1061,         0.5750
   1062,         0.5750
   1063,         0.5750
   1064,         0.5750
   1065,         0.5750
   1066,         0.5750
   1067,         0.5750
   1068,         0.5750
   1069,         0.5750
   1070,         0.5750
   1071,         0.5750
   1072,         0.5750
   1073,         0.5750
   1074,         0.5750
   1075,         0.5750
   1076,         0.5750
   1077,         0.5750
   1078,         0.5750
   1079,         0.5750
   1080,         0.5750
   1081,         0.5750
   1082,         0.5750
   1083,         0.5750
   1084,         0.5750
   1085,         0.5750
   1086,         0.5750
   1087,         0.5750
   1088,         0.5750
   1089,         0.5750
   1090,         0.5750
   1091,         0.5750
   1092,         0.5750
   1093,         0.5750
   1094,         0.5750
   1095,         0.5750
   1096,         0.5750
   1097,         0.5750
   1098,         0.5750
   1099,         0.5750
   1100,         0.5750
   1101,         0.5750
   1102,         0.5750
   1103,         0.5750
   1104,         0.5750
   1105,         0.5750
   1106,         0.5750
   1107,         0.5750
   1108,         0.5750
   1109,         0.5750
   1110,         0.5750
   1111,         0.5750
   1112,         0.5750
   1113,         0.5750
   1114,         0.5750
   1115,         0.5750
   1116,         0.5750
   1117,         0.5750
   1118,         0.5750
   1119,         0.5750
   1120,         0.5750
   1121,         0.5750
   1122,         0.5750
   1123,         0.5750
   1124,         0.5750
   1125,         0.5750
   1126,         0.5750
   1127,         0.5750
   1128,         0.5750
   1129,         0.5750
   1130,         0.5750
   1131,         0.5750
   1132,         0.5750
   1133,         0.5750
   1134,         0.5750
   1135,         0.5750
   1136,         0.5750
   1137,         0.5750
   1138,         0.5750
   1139,         0.5750
   1140,         0.5750
   1141,         0.5750
   1142,         0.5750
   1143,         0.5750
   1144,         0.5750
   1145,         0.5750
   1146,         0.5750
   1147,         0.5750
   1148,         0.5750
   1149,         0.5750
   1150,         0.5750
   1151,         0.5750
   1152,         0.5750
   1153,         0.5750
   1154,         0.5750
   1155,         0.5750
   1156,         0.5750
   1157,         0.5750
   1158,         0.5750
   1159,         0.5750
   1160,         0.5750
   1161,         0.5750
   1162,         0.5750
   1163,         0.5750
   1164,         0.5750
   1165,         0.5750
   1166,         0.5750
   1167,         0.5750
   1168,         0.5750
   1169,         0.5750
   1170,         0.5750
   1171,         0.5750
   1172,         0.5750
   1173,         0.5750
   1174,         0.5750
   1175,         0.5750
   1176,         0.5750
   1177,         0.5750
   1178,         0.5750
   1179,         0.5750
   1180,         0.5750
   1181,         0.5750
   1182,         0.5750
   1183,         0.5750
   1184,         0.5750
   1185,         0.5750
   1186,         0.5750
   1187,         0.5750
   1188,         0.5750
   1189,         0.5750
   1190,         0.5750
   1191,         0.5750
   1192,         0.5750
   1193,         0.5750
   1194,         0.5750
   1195,         0.5750
   1196,         0.5750
   1197,         0.5750
   1198,         0.5750
   1199,         0.5750
   1200,         0.5750
   1201,         0.5750
   1202,         0.5750
   1203,         0.5750
   1204,         0.5750
   1205,         0.5750
   1206,         0.5750
   1207,         0.5750
   1208,         0.5750
   1209,         0.5750
   1210,         0.5750
   1211,         0.5750
   1212,         0.5750
   1213,         0.5750
   1214,         0.5750
   1215,         0.5750
   1216,         0.5750
   1217,         0.5750
   1218,         0.5750
   1219,         0.5750
   1220,         0.5750
   1221,         0.5750
   1222,         0.5750
   1223,         0.5750
   1224,         0.5750
   1225,         0.5750
   1226,         0.5750
   1227,         0.5750
   1228,         0.5750
   1229,         0.5750
   1230,         0.5750
   1231,         0.5750
   1232,         0.5750
   1233,         0.5750
   1234,         0.5750
   1235,         0.5750
   1236,         0.5750
   1237,         0.5750
   1238,         0.5750
   1239,         0.5750
   1240,         0.5750
   1241,         0.5750
   1242,         0.5750
   1243,         0.5750
   1244,         0.5750
   1245,         0.5750
   1246,         0.5750
   1247,         0.5750
   1248,         0.5750
   1249,         0.5750
   1250,         0.5750
   1251,         0.5750
   1252,         0.5750
   1253,         0.5750
   1254,         0.5750
   1255,         0.5750
   1256,         0.5750
   1257,         0.5750
   1258,         0.5750
   1259,         0.5750
   1260,         0.5750
   1261,         0.5750
   1262,         0.5750
   1263,         0.5750
   1264,         0.5750
   1265,         0.5750
   1266,         0.5750
   1267,         0.5750
   1268,         0.5750
   1269,         0.5750
   1270,         0.5750
   1271,         0.5750
   1272,         0.5750
   1273,         0.5750
   1274,         0.5750
   1275,         0.5750
   1276,         0.5750
   1277,         0.5750
   1278,         0.5750
   1279,         0.5750
   1280,         0.5750
   1281,         0.5750
   1282,         0.5750
   1283,         0.5750
   1284,         0.5750
   1285,         0.5750
   1286,         0.5750
   1287,         0.5750
   1288,         0.5750
   1289,         0.5750
   1290,         0.5750
   1291,         0.5750
   1292,         0.5750
   1293,         0.5750
   1294,         0.5750
   1295,         0.5750
   1296,         0.5750
   1297,         0.5750
   1298,         0.5750
   1299,         0.5750
   1300,         0.5750
   1301,         0.5750
   1302,         0.5750
   1303,         0.5750
   1304,         0.5750
   1305,         0.5750
   1306,         0.5750
   1307,         0.5750
   1308,         0.5750
   1309,         0.5750
   1310,         0.5750
   1311,         0.5750
   1312,         0.5750
   1313,         0.5750
   1314,         0.5750
   1315,         0.5750
   1316,         0.5750
   1317,         0.5750
   1318,         0.5750
   1319,         0.5750
   1320,         0.5750
   1321,         0.5750
   1322,         0.5750
   1323,         0.5750
   1324,         0.5750
   1325,         0.5750
   1326,         0.5750
   1327,         0.5750
   1328,         0.5750
   1329,         0.5750
   1330,         0.5750
   1331,         0.5750
   1332,         0.5750
   1333,         0.5750
   1334,         0.5750
   1335,         0.5750
   1336,         0.5750
   1337,         0.5750
   1338,         0.5750
   1339,         0.5750
   1340,         0.5750
   1341,         0.5750
   1342,         0.5750
   1343,         0.5750
   1344,         0.5750
   1345,         0.5750
   1346,         0.5750
   1347,         0.5750
   1348,         0.5750
   1349,         0.5750
   1350,         0.5750
   1351,         0.5750
   1352,         0.5750
   1353,         0.5750
   1354,         0.5750
   1355,         0.5750
   1356,         0.5750
   1357,         0.5750
   1358,         0.5750
   1359,         0.5750
   1360,         0.5750
   1361,         0.5750
   1362,         0.5750
   1363,         0.5750
   1364,         0.5750
   1365,         0.5750
   1366,         0.5750
   1367,         0.5750
   1368,         0.5750
   1369,         0.5750
   1370,         0.5750
   1371,         0.5750
   1372,         0.5750
   1373,         0.5750
   1374,         0.5750
   1375,         0.5750
   1376,         0.5750
   1377,         0.5750
   1378,         0.5750
   1379,         0.5750
   1380,         0.5750
   1381,         0.5750
   1382,         0.5750
   1383,         0.5750
   1384,         0.5750
   1385,         0.5750
   1386,         0.5750
   1387,         0.5750
   1388,         0.5750
   1389,         0.5750
   1390,         0.5750
   1391,         0.5750
   1392,         0.5750
   1393,         0.5750
   1394,         0.5750
   1395,         0.5750
   1396,         0.5750
   1397,         0.5750
   1398,         0.5750
   1399,         0.5750
   1400,         0.5750
   1401,         0.5750
   1402,         0.5750
   1403,         0.5750
   1404,         0.5750
   1405,         0.5750
   1406,         0.5750
   1407,         0.5750
   1408,         0.5750
   1409,         0.5750
   1410,         0.5750
   1411,         0.5750
   1412,         0.5750
   1413,         0.5750
   1414,         0.5750
   1415,         0.5750
   1416,         0.5750
   1417,         0.5750
   1418,         0.5750
   1419,         0.5750
   1420,         0.5750
   1421,         0.5750
   1422,         0.5750
   1423,         0.5750
   1424,         0.5750
   1425,         0.5750
   1426,         0.5750
   1427,         0.5750
   1428,         0.5750
   1429,         0.5750
   1430,         0.5750
   1431,         0.5750
   1432,         0.5750
   1433,         0.5750
   1434,         0.5750
   1435,         0.5750
   1436,         0.5750
   1437,         0.5750
   1438,         0.5750
   1439,         0.5750
   1440,         0.5750
   1441,         0.5750
   1442,         0.5750
   1443,         0.5750
   1444,         0.5750
   1445,         0.5750
   1446,         0.5750
   1447,         0.5750
   1448,         0.5750
   1449,         0.5750
   1450,         0.5750
   1451,         0.5750
   1452,         0.5750
   1453,         0.5750
   1454,         0.5750
   1455,         0.5750
   1456,         0.5750
   1457,         0.5750
   1458,         0.5750
   1459,         0.5750
   1460,         0.5750
   1461,         0.5750
   1462,         0.5750
   1463,         0.5750
   1464,         0.5750
   1465,         0.5750
   1466,         0.5750
   1467,         0.5750
   1468,         0.5750
   1469,         0.5750
   1470,         0.5750
   1471,         0.5750
   1472,         0.5750
   1473,         0.5750
   1474,         0.5750
   1475,         0.5750
   1476,         0.5750
   1477,         0.5750
   1478,         0.5750
   1479,         0.5750
   1480,         0.5750
   1481,         0.5750
   1482,         0.5750
   1483,         0.5750
   1484,         0.5750
   1485,         0.5750
   1486,         0.5750
   1487,         0.5750
   1488,         0.5750
   1489,         0.5750
   1490,         0.5750
   1491,         0.5750
   1492,         0.5750
   1493,         0.5750
   1494,         0.5750
   1495,         0.5750
   1496,         0.5750
   1497,         0.5750
   1498,         0.5750
   1499,         0.5750
   1500,         0.5750
   1501,         0.5750
   1502,         0.5750
   1503,         0.5750
   1504,         0.5750
   1505,         0.5750
   1506,         0.5750
   1507,         0.5750
   1508,         0.5750
   1509,         0.5750
   1510,         0.5750
   1511,         0.5750
   1512,         0.5750
   1513,         0.5750
   1514,         0.5750
   1515,         0.5750
   1516,         0.5750
   1517,         0.5750
   1518,         0.5750
   1519,         0.5750
   1520,         0.5750
   1521,         0.5750
   1522,         0.5750
   1523,         0.5750
   1524,         0.5750
   1525,         0.5750
   1526,         0.5750
   1527,         0.5750
   1528,         0.5750
   1529,         0.5750
   1530,         0.5750
   1531,         0.5750
   1532,         0.5750
   1533,         0.5750
   1534,         0.5750
   1535,         0.5750
   1536,         0.5750
   1537,         0.5750
   1538,         0.5750
   1539,         0.5750
   1540,         0.5750
   1541,         0.5750
   1542,         0.5750
   1543,         0.5750
   1544,         0.5750
   1545,         0.5750
   1546,         0.5750
   1547,         0.5750
   1548,         0.5750
   1549,         0.5750
   1550,         0.5750
   1551,         0.5750
   1552,         0.5750
   1553,         0.5750
   1554,         0.5750
   1555,         0.5750
   1556,         0.5750
   1557,         0.5750
   1558,         0.5750
   1559,         0.5750
   1560,         0.5750
   1561,         0.5750
   1562,         0.5750
   1563,         0.5750
   1564,         0.5750
   1565,         0.5750
   1566,         0.5750
   1567,         0.5750
   1568,         0.5750
   1569,         0.5750
   1570,         0.5750
   1571,         0.5750
   1572,         0.5750
   1573,         0.5750
   1574,         0.5750
   1575,         0.5750
   1576,         0.5750
   1577,         0.5750
   1578,         0.5750
   1579,         0.5750
   1580,         0.5750
   1581,         0.5750
   1582,         0.5750
   1583,         0.5750
   1584,         0.5750
   1585,         0.5750
   1586,         0.5750
   1587,         0.5750
   1588,         0.5750
   1589,         0.5750
   1590,         0.5750
   1591,         0.5750
   1592,         0.5750
   1593,         0.5750
   1594,         0.5750
   1595,         0.5750
   1596,         0.5750
   1597,         0.5750
   1598,         0.5750
   1599,         0.5750
   1600,         0.5750
   1601,         0.5750
   1602,         0.5750
   1603,         0.5750
   1604,         0.5750
   1605,         0.5750
   1606,         0.5750
   1607,         0.5750
   1608,         0.5750
   1609,         0.5750
   1610,         0.5750
   1611,         0.5750
   1612,         0.5750
   1613,         0.5750
   1614,         0.5750
   1615,         0.5750
   1616,         0.5750
   1617,         0.5750
   1618,         0.5750
   1619,         0.5750
   1620,         0.5750
   1621,         0.5750
   1622,         0.5750
   1623,         0.5750
   1624,         0.5750
   1625,         0.5750
   1626,         0.5750
   1627,         0.5750
   1628,         0.5750
   1629,         0.5750
   1630,         0.5750
   1631,         0.5750
   1632,         0.5750
   1633,         0.5750
   1634,         0.5750
   1635,         0.5750
   1636,         0.5750
   1637,         0.5750
   1638,         0.5750
   1639,         0.5750
   1640,         0.5750
   1641,         0.5750
   1642,         0.5750
   1643,         0.5750
   1644,         0.5750
   1645,         0.5750
   1646,         0.5750
   1647,         0.5750
   1648,         0.5750
   1649,         0.5750
   1650,         0.5750
   1651,         0.5750
   1652,         0.5750
   1653,         0.5750
   1654,         0.5750
   1655,         0.5750
   1656,         0.5750
   1657,         0.5750
   1658,         0.5750
   1659,         0.5750
   1660,         0.5750
   1661,         0.5750
   1662,         0.5750
   1663,         0.5750
   1664,         0.5750
   1665,         0.5750
   1666,         0.5750
   1667,         0.5750
   1668,         0.5750
   1669,         0.5750
   1670,         0.5750
   1671,         0.5750
   1672,         0.5750
   1673,         0.5750
   1674,         0.5750
   1675,         0.5750
   1676,         0.5750
   1677,         0.5750
   1678,         0.5750
   1679,         0.5750
   1680,         0.5750
   1681,         0.5750
   1682,         0.5750
   1683,         0.5750
   1684,         0.5750
   1685,         0.5750
   1686,         0.5750
   1687,         0.5750
   1688,         0.5750
   1689,         0.5750
   1690,         0.5750
   1691,         0.5750
   1692,         0.5750
   1693,         0.5750
   1694,         0.5750
   1695,         0.5750
   1696,         0.5750
   1697,         0.5750
   1698,         0.5750
   1699,         0.5750
   1700,         0.5750
   1701,         0.5750
   1702,         0.5750
   1703,         0.5750
   1704,         0.5750
   1705,         0.5750
   1706,         0.5750
   1707,         0.5750
   1708,         0.5750
   1709,         0.5750
   1710,         0.5750
   1711,         0.5750
   1712,         0.5750
   1713,         0.5750
   1714,         0.5750
   1715,         0.5750
   1716,         0.5750
   1717,         0.5750
   1718,         0.5750
   1719,         0.5750
   1720,         0.5750
   1721,         0.5750
   1722,         0.5750
   1723,         0.5750
   1724,         0.5750
   1725,         0.5750
   1726,         0.5750
   1727,         0.5750
   1728,         0.5750
   1729,         0.5750
   1730,         0.5750
   1731,         0.5750
   1732,         0.5750
   1733,         0.5750
   1734,         0.5750
   1735,         0.5750
   1736,         0.5750
   1737,         0.5750
   1738,         0.5750
   1739,         0.5750
   1740,         0.5750
   1741,         0.5750
   1742,         0.5750
   1743,         0.5750
   1744,         0.5750
   1745,         0.5750
   1746,         0.5750
   1747,         0.5750
   1748,         0.5750
   1749,         0.5750
   1750,         0.5750
   1751,         0.5750
   1752,         0.5750
   1753,         0.5750
   1754,         0.5750
   1755,         0.5750
   1756,         0.5750
   1757,         0.5750
   1758,         0.5750
   1759,         0.5750
   1760,         0.5750
   1761,         0.5750
   1762,         0.5750
   1763,         0.5750
   1764,         0.5750
   1765,         0.5750
   1766,         0.5750
   1767,         0.5750
   1768,         0.5750
   1769,         0.5750
   1770,         0.5750
   1771,         0.5750
   1772,         0.5750
   1773,         0.5750
   1774,         0.5750
   1775,         0.5750
   1776,         0.5750
   1777,         0.5750
   1778,         0.5750
   1779,         0.5750
   1780,         0.5750
   1781,         0.5750
   1782,         0.5750
   1783,         0.5750
   1784,         0.5750
   1785,         0.5750
   1786,         0.5750
   1787,         0.5750
   1788,         0.5750
   1789,         0.5750
   1790,         0.5750
   1791,         0.5750
   1792,         0.5750
   1793,         0.5750
   1794,         0.5750
   1795,         0.5750
   1796,         0.5750
   1797,         0.5750
   1798,         0.5750
   1799,         0.5750
   1800,         0.5750
   1801,         0.5750
   1802,         0.5750
   1803,         0.5750
   1804,         0.5750
   1805,         0.5750
   1806,         0.5750
   1807,         0.5750
   1808,         0.5750
   1809,         0.5750
   1810,         0.5750
   1811,         0.5750
   1812,         0.5750
   1813,         0.5750
   1814,         0.5750
   1815,         0.5750
   1816,         0.5750
   1817,         0.5750
   1818,         0.5750
   1819,         0.5750
   1820,         0.5750
   1821,         0.5750
   1822,         0.5750
   1823,         0.5750
   1824,         0.5750
   1825,         0.5750
   1826,         0.5750
   1827,         0.5750
   1828,         0.5750
   1829,         0.5750
   1830,         0.5750
   1831,         0.5750
   1832,         0.5750
   1833,         0.5750
   1834,         0.5750
   1835,         0.5750
   1836,         0.5750
   1837,         0.5750
   1838,         0.5750
   1839,         0.5750
   1840,         0.5750
   1841,         0.5750
   1842,         0.5750
   1843,         0.5750
   1844,         0.5750
   1845,         0.5750
   1846,         0.5750
   1847,         0.5750
   1848,         0.5750
   1849,         0.5750
   1850,         0.5750
   1851,         0.5750
   1852,         0.5750
   1853,         0.5750
   1854,         0.5750
   1855,         0.5750
   1856,         0.5750
   1857,         0.5750
   1858,         0.5750
   1859,         0.5750
   1860,         0.5750
   1861,         0.5750
   1862,         0.5750
   1863,         0.5750
   1864,         0.5750
   1865,         0.5750
   1866,         0.5750
   1867,         0.5750
   1868,         0.5750
   1869,         0.5750
   1870,         0.5750
   1871,         0.5750
   1872,         0.5750
   1873,         0.5750
   1874,         0.5750
   1875,         0.5750
   1876,         0.5750
   1877,         0.5750
   1878,         0.5750
   1879,         0.5750
   1880,         0.5750
   1881,         0.5750
   1882,         0.5750
   1883,         0.5750
   1884,         0.5750
   1885,         0.5750
   1886,         0.5750
   1887,         0.5750
   1888,         0.5750
   1889,         0.5750
   1890,         0.5750
   1891,         0.5750
   1892,         0.5750
   1893,         0.5750
   1894,         0.5750
   1895,         0.5750
   1896,         0.5750
   1897,         0.5750
   1898,         0.5750
   1899,         0.5750
   1900,         0.5750
   1901,         0.5750
   1902,         0.5750
   1903,         0.5750
   1904,         0.5750
   1905,         0.5750
   1906,         0.5750
   1907,         0.5750
   1908,         0.5750
   1909,         0.5750
   1910,         0.5750
   1911,         0.5750
   1912,         0.5750
   1913,         0.5750
   1914,         0.5750
   1915,         0.5750
   1916,         0.5750
   1917,         0.5750
   1918,         0.5750
   1919,         0.5750
   1920,         0.5750
   1921,         0.5750
   1922,         0.5750
   1923,         0.5750
   1924,         0.5750
   1925,         0.5750
   1926,         0.5750
   1927,         0.5750
   1928,         0.5750
   1929,         0.5750
   1930,         0.5750
   1931,         0.5750
   1932,         0.5750
   1933,         0.5750
   1934,         0.5750
   1935,         0.5750
   1936,         0.5750
   1937,         0.5750
   1938,         0.5750
   1939,         0.5750
   1940,         0.5750
   1941,         0.5750
   1942,         0.5750
   1943,         0.5750
   1944,         0.5750
   1945,         0.5750
   1946,         0.5750
   1947,         0.5750
   1948,         0.5750
   1949,         0.5750
   1950,         0.5750
   1951,         0.5750
   1952,         0.5750
   1953,         0.5750
   1954,         0.5750
   1955,         0.5750
   1956,         0.5750
   1957,         0.5750
   1958,         0.5750
   1959,         0.5750
   1960,         0.5750
   1961,         0.5750
   1962,         0.5750
   1963,         0.5750
   1964,         0.5750
   1965,         0.5750
   1966,         0.5750
   1967,         0.5750
   1968,         0.5750
   1969,         0.5750
   1970,         0.5750
   1971,         0.5750
   1972,         0.5750
   1973,         0.5750
   1974,         0.5750
   1975,         0.5750
   1976,         0.5750
   1977,         0.5750
   1978,         0.5750
   1979,         0.5750
   1980,         0.5750
   1981,         0.5750
   1982,         0.5750
   1983,         0.5750
   1984,         0.5750
   1985,         0.5750
   1986,         0.5750
   1987,         0.5750
   1988,         0.5750
   1989,         0.5750
   1990,         0.5750
   1991,         0.5750
   1992,         0.5750
   1993,         0.5750
   1994,         0.5750
   1995,         0.5750
   1996,         0.5750
   1997,         0.5750
   1998,         0.5750
   1999,         0.5750
   2000,         0.5750
   2001,         0.5750
   2002,         0.5750
   2003,         0.5750
   2004,         0.5750
   2005,         0.5750
   2006,         0.5750
   2007,         0.5750
   2008,         0.5750
   2009,         0.5750
   2010,         0.5750
   2011,         0.5750
   2012,         0.5750
   2013,         0.5750
   2014,         0.5750
   2015,         0.5750
   2016,         0.5750
   2017,         0.5750
   2018,         0.5750
   2019,         0.5750
   2020,         0.5750
   2021,         0.5750
   2022,         0.5750
   2023,         0.5750
   2024,         0.5750
   2025,         0.5750
   2026,         0.5750
   2027,         0.5750
   2028,         0.5750
   2029,         0.5750
   2030,         0.5750
   2031,         0.5750
   2032,         0.5750
   2033,         0.5750
   2034,         0.5750
   2035,         0.5750
   2036,         0.5750
   2037,         0.5750
   2038,         0.5750
   2039,         0.5750
   2040,         0.5750
   2041,         0.5750
   2042,         0.5750
   2043,         0.5750
   2044,         0.5750
   2045,         0.5750
   2046,         0.5750
   2047,         0.5750
   2048,         0.5750
   2049,         0.5750
   2050,         0.5750
   2051,         0.5750
   2052,         0.5750
   2053,         0.5750
   2054,         0.5750
   2055,         0.5750
   2056,         0.5750
   2057,         0.5750
   2058,         0.5750
   2059,         0.5750
   2060,         0.5750
   2061,         0.5750
   2062,         0.5750
   2063,         0.5750
   2064,         0.5750
   2065,         0.5750
   2066,         0.5750
   2067,         0.5750
   2068,         0.5750
   2069,         0.5750
   2070,         0.5750
   2071,         0.5750
   2072,         0.5750
   2073,         0.5750
   2074,         0.5750
   2075,         0.5750
   2076,         0.5750
   2077,         0.5750
   2078,         0.5750
   2079,         0.5750
   2080,         0.5750
   2081,         0.5750
   2082,         0.5750
   2083,         0.5750
   2084,         0.5750
   2085,         0.5750
   2086,         0.5750
   2087,         0.5750
   2088,         0.5750
   2089,         0.5750
   2090,         0.5750
   2091,         0.5750
   2092,         0.5750
   2093,         0.5750
   2094,         0.5750
   2095,         0.5750
   2096,         0.5750
   2097,         0.5750
   2098,         0.5750
   2099,         0.5750
   2100,         0.5750
   2101,         0.5750
   2102,         0.5750
   2103,         0.5750
   2104,         0.5750
   2105,         0.5750
   2106,         0.5750
   2107,         0.5750
   2108,         0.5750
   2109,         0.5750
   2110,         0.5750
   2111,         0.5750
   2112,         0.5750
   2113,         0.5750
   2114,         0.5750
   2115,         0.5750
   2116,         0.5750
   2117,         0.5750
   2118,         0.5750
   2119,         0.5750
   2120,         0.5750
   2121,         0.5750
   2122,         0.5750
   2123,         0.5750
   2124,         0.5750
   2125,         0.5750
   2126,         0.5750
   2127,         0.5750
   2128,         0.5750
   2129,         0.5750
   2130,         0.5750
   2131,         0.5750
   2132,         0.5750
   2133,         0.5750
   2134,         0.5750
   2135,         0.5750
   2136,         0.5750
   2137,         0.5750
   2138,         0.5750
   2139,         0.5750
   2140,         0.5750
   2141,         0.5750
   2142,         0.5750
   2143,         0.5750
   2144,         0.5750
   2145,         0.5750
   2146,         0.5750
   2147,         0.5750
   2148,         0.5750
   2149,         0.5750
   2150,         0.5750
   2151,         0.5750
   2152,         0.5750
   2153,         0.5750
   2154,         0.5750
   2155,         0.5750
   2156,         0.5750
   2157,         0.5750
   2158,         0.5750
   2159,         0.5750
   2160,         0.5750
   2161,         0.5750
   2162,         0.5750
   2163,         0.5750
   2164,         0.5750
   2165,         0.5750
   2166,         0.5750
   2167,         0.5750
   2168,         0.5750
   2169,         0.5750
   2170,         0.5750
   2171,         0.5750
   2172,         0.5750
   2173,         0.5750
   2174,         0.5750
   2175,         0.5750
   2176,         0.5750
   2177,         0.5750
   2178,         0.5750
   2179,         0.5750
   2180,         0.5750
   2181,         0.5750
   2182,         0.5750
   2183,         0.5750
   2184,         0.5750
   2185,         0.5750
   2186,         0.5750
   2187,         0.5750
   2188,         0.5750
   2189,         0.5750
   2190,         0.5750
   2191,         0.5750
   2192,         0.5750
   2193,         0.5750
   2194,         0.5750
   2195,         0.5750
   2196,         0.5750
   2197,         0.5750
   2198,         0.5750
   2199,         0.5750
   2200,         0.5750
   2201,         0.5750
   2202,         0.5750
   2203,         0.5750
   2204,         0.5750
   2205,         0.5750
   2206,         0.5750
   2207,         0.5750
   2208,         0.5750
   2209,         0.5750
   2210,         0.5750
   2211,         0.5750
   2212,         0.5750
   2213,         0.5750
   2214,         0.5750
   2215,         0.5750
   2216,         0.5750
   2217,         0.5750
   2218,         0.5750
   2219,         0.5750
   2220,         0.5750
   2221,         0.5750
   2222,         0.5750
   2223,         0.5750
   2224,         0.5750
   2225,         0.5750
   2226,         0.5750
   2227,         0.5750
   2228,         0.5750
   2229,         0.5750
   2230,         0.5750
   2231,         0.5750
   2232,         0.5750
   2233,         0.5750
   2234,         0.5750
   2235,         0.5750
   2236,         0.5750
   2237,         0.5750
   2238,         0.5750
   2239,         0.5750
   2240,         0.5750
   2241,         0.5750
   2242,         0.5750
   2243,         0.5750
   2244,         0.5750
   2245,         0.5750
   2246,         0.5750
   2247,         0.5750
   2248,         0.5750
   2249,         0.5750
   2250,         0.5750
   2251,         0.5750
   2252,         0.5750
   2253,         0.5750
   2254,         0.5750
   2255,         0.5750
   2256,         0.5750
   2257,         0.5750
   2258,         0.5750
   2259,         0.5750
   2260,         0.5750
   2261,         0.5750
   2262,         0.5750
   2263,         0.5750
   2264,         0.5750
   2265,         0.5750
   2266,         0.5750
   2267,         0.5750
   2268,         0.5750
   2269,         0.5750
   2270,         0.5750
   2271,         0.5750
   2272,         0.5750
   2273,         0.5750
   2274,         0.5750
   2275,         0.5750
   2276,         0.5750
   2277,         0.5750
   2278,         0.5750
   2279,         0.5750
   2280,         0.5750
   2281,         0.5750
   2282,         0.5750
   2283,         0.5750
   2284,         0.5750
   2285,         0.5750
   2286,         0.5750
   2287,         0.5750
   2288,         0.5750
   2289,         0.5750
   2290,         0.5750
   2291,         0.5750
   2292,         0.5750
   2293,         0.5750
   2294,         0.5750
   2295,         0.5750
   2296,         0.5750
   2297,         0.5750
   2298,         0.5750
   2299,         0.5750
   2300,         0.5750
   2301,         0.5750
   2302,         0.5750
   2303,         0.5750
   2304,         0.5750
   2305,         0.5750
   2306,         0.5750
   2307,         0.5750
   2308,         0.5750
   2309,         0.5750
   2310,         0.5750
   2311,         0.5750
   2312,         0.5750
   2313,         0.5750
   2314,         0.5750
   2315,         0.5750
   2316,         0.5750
   2317,         0.5750
   2318,         0.5750
   2319,         0.5750
   2320,         0.5750
   2321,         0.5750
   2322,         0.5750
   2323,         0.5750
   2324,         0.5750
   2325,         0.5750
   2326,         0.5750
   2327,         0.5750
   2328,         0.5750
   2329,         0.5750
   2330,         0.5750
   2331,         0.5750
   2332,         0.5750
   2333,         0.5750
   2334,         0.5750
   2335,         0.5750
   2336,         0.5750
   2337,         0.5750
   2338,         0.5750
   2339,         0.5750
   2340,         0.5750
   2341,         0.5750
   2342,         0.5750
   2343,         0.5750
   2344,         0.5750
   2345,         0.5750
   2346,         0.5750
   2347,         0.5750
   2348,         0.5750
   2349,         0.5750
   2350,         0.5750
   2351,         0.5750
   2352,         0.5750
   2353,         0.5750
   2354,         0.5750
   2355,         0.5750
   2356,         0.5750
   2357,         0.5750
   2358,         0.5750
   2359,         0.5750
   2360,         0.5750
   2361,         0.5750
   2362,         0.5750
   2363,         0.5750
   2364,         0.5750
   2365,         0.5750
   2366,         0.5750
   2367,         0.5750
   2368,         0.5750
   2369,         0.5750
   2370,         0.5750
   2371,         0.5750
   2372,         0.5750
   2373,         0.5750
   2374,         0.5750
   2375,         0.5750
   2376,         0.5750
   2377,         0.5750
   2378,         0.5750
   2379,         0.5750
   2380,         0.5750
   2381,         0.5750
   2382,         0.5750
   2383,         0.5750
   2384,         0.5750
   2385,         0.5750
   2386,         0.5750
   2387,         0.5750
   2388,         0.5750
   2389,         0.5750
   2390,         0.5750
   2391,         0.5750
   2392,         0.5750
   2393,         0.5750
   2394,         0.5750
   2395,         0.5750
   2396,         0.5750
   2397,         0.5750
   2398,         0.5750
   2399,         0.5750
   2400,         0.5750
   2401,         0.5750
   2402,         0.5750
   2403,         0.5750
   2404,         0.5750
   2405,         0.5750
   2406,         0.5750
   2407,         0.5750
   2408,         0.5750
   2409,         0.5750
   2410,         0.5750
   2411,         0.5750
   2412,         0.5750
   2413,         0.5750
   2414,         0.5750
   2415,         0.5750
   2416,         0.5750
   2417,         0.5750
   2418,         0.5750
   2419,         0.5750
   2420,         0.5750
   2421,         0.5750
   2422,         0.5750
   2423,         0.5750
   2424,         0.5750
   2425,         0.5750
   2426,         0.5750
   2427,         0.5750
   2428,         0.5750
   2429,         0.5750
   2430,         0.5750
   2431,         0.5750
   2432,         0.5750
   2433,         0.5750
   2434,         0.5750
   2435,         0.5750
   2436,         0.5750
   2437,         0.5750
   2438,         0.5750
   2439,         0.5750
   2440,         0.5750
   2441,         0.5750
   2442,         0.5750
   2443,         0.5750
   2444,         0.5750
   2445,         0.5750
   2446,         0.5750
   2447,         0.5750
   2448,         0.5750
   2449,         0.5750
   2450,         0.5750
   2451,         0.5750
   2452,         0.5750
   2453,         0.5750
   2454,         0.5750
   2455,         0.5750
   2456,         0.5750
   2457,         0.5750
   2458,         0.5750
   2459,         0.5750
   2460,         0.5750
   2461,         0.5750
   2462,         0.5750
   2463,         0.5750
   2464,         0.5750
   2465,         0.5750
   2466,         0.5750
   2467,         0.5750
   2468,         0.5750
   2469,         0.5750
   2470,         0.5750
   2471,         0.5750
   2472,         0.5750
   2473,         0.5750
   2474,         0.5750
   2475,         0.5750
   2476,         0.5750
   2477,         0.5750
   2478,         0.5750
   2479,         0.5750
   2480,         0.5750
   2481,         0.5750
   2482,         0.5750
   2483,         0.5750
   2484,         0.5750
   2485,         0.5750
   2486,         0.5750
   2487,         0.5750
   2488,         0.5750
   2489,         0.5750
   2490,         0.5750
   2491,         0.5750
   2492,         0.5750
   2493,         0.5750
   2494,         0.5750
   2495,         0.5750
   2496,         0.5750
   2497,         0.5750
   2498,         0.5750
   2499,         0.5750
   2500,         0.5750
   2501,         0.5750
   2502,         0.5750
   2503,         0.5750
   2504,         0.5750
   2505,         0.5750
   2506,         0.5750
   2507,         0.5750
   2508,         0.5750
   2509,         0.5750
   2510,         0.5750
   2511,         0.5750
   2512,         0.5750
   2513,         0.5750
   2514,         0.5750
   2515,         0.5750
   2516,         0.5750
   2517,         0.5750
   2518,         0.5750
   2519,         0.5750
   2520,         0.5750
   2521,         0.5750
   2522,         0.5750
   2523,         0.5750
   2524,         0.5750
   2525,         0.5750
   2526,         0.5750
   2527,         0.5750
   2528,         0.5750
   2529,         0.5750
   2530,         0.5750
   2531,         0.5750
   2532,         0.5750
   2533,         0.5750
   2534,         0.5750
   2535,         0.5750
   2536,         0.5750
   2537,         0.5750
   2538,         0.5750
   2539,         0.5750
   2540,         0.5750
   2541,         0.5750
   2542,         0.5750
   2543,         0.5750
   2544,         0.5750
   2545,         0.5750
   2546,         0.5750
   2547,         0.5750
   2548,         0.5750
   2549,         0.5750
   2550,         0.5750
   2551,         0.5750
   2552,         0.5750
   2553,         0.5750
   2554,         0.5750
   2555,         0.5750
   2556,         0.5750
   2557,         0.5750
   2558,         0.5750
   2559,         0.5750
   2560,         0.5750
   2561,         0.5750
   2562,         0.5750
   2563,         0.5750
   2564,         0.5750
   2565,         0.5750
   2566,         0.5750
   2567,         0.5750
   2568,         0.5750
   2569,         0.5750
   2570,         0.5750
   2571,         0.5750
   2572,         0.5750
   2573,         0.5750
   2574,         0.5750
   2575,         0.5750
   2576,         0.5750
   2577,         0.5750
   2578,         0.5750
   2579,         0.5750
   2580,         0.5750
   2581,         0.5750
   2582,         0.5750
   2583,         0.5750
   2584,         0.5750
   2585,         0.5750
   2586,         0.5750
   2587,         0.5750
   2588,         0.5750
   2589,         0.5750
   2590,         0.5750
   2591,         0.5750
   2592,         0.5750
   2593,         0.5750
   2594,         0.5750
   2595,         0.5750
   2596,         0.5750
   2597,         0.5750
   2598,         0.5750
   2599,         0.5750
   2600,         0.5750
   2601,         0.5750
   2602,         0.5750
   2603,         0.5750
   2604,         0.5750
   2605,         0.5750
   2606,         0.5750
   2607,         0.5750
   2608,         0.5750
   2609,         0.5750
   2610,         0.5750
   2611,         0.5750
   2612,         0.5750
   2613,         0.5750
   2614,         0.5750
   2615,         0.5750
   2616,         0.5750
   2617,         0.5750
   2618,         0.5750
   2619,         0.5750
   2620,         0.5750
   2621,         0.5750
   2622,         0.5750
   2623,         0.5750
   2624,         0.5750
   2625,         0.5750
   2626,         0.5750
   2627,         0.5750
   2628,         0.5750
   2629,         0.5750
   2630,         0.5750
   2631,         0.5750
   2632,         0.5750
   2633,         0.5750
   2634,         0.5750
   2635,         0.5750
   2636,         0.5750
   2637,         0.5750
   2638,         0.5750
   2639,         0.5750
   2640,         0.5750
   2641,         0.5750
   2642,         0.5750
   2643,         0.5750
   2644,         0.5750
   2645,         0.5750
   2646,         0.5750
   2647,         0.5750
   2648,         0.5750
   2649,         0.5750
   2650,         0.5750
   2651,         0.5750
   2652,         0.5750
   2653,         0.5750
   2654,         0.5750
   2655,         0.5750
   2656,         0.5750
   2657,         0.5750
   2658,         0.5750
   2659,         0.5750
   2660,         0.5750
   2661,         0.5750
   2662,         0.5750
   2663,         0.5750
   2664,         0.5750
   2665,         0.5750
   2666,         0.5750
   2667,         0.5750
   2668,         0.5750
   2669,         0.5750
   2670,         0.5750
   2671,         0.5750
   2672,         0.5750
   2673,         0.5750
   2674,         0.5750
   2675,         0.5750
   2676,         0.5750
   2677,         0.5750
   2678,         0.5750
   2679,         0.5750
   2680,         0.5750
   2681,         0.5750
   2682,         0.5750
   2683,         0.5750
   2684,         0.5750
   2685,         0.5750
   2686,         0.5750
   2687,         0.5750
   2688,         0.5750
   2689,         0.5750
   2690,         0.5750
   2691,         0.5750
   2692,         0.5750
   2693,         0.5750
   2694,         0.5750
   2695,         0.5750
   2696,         0.5750
   2697,         0.5750
   2698,         0.5750
   2699,         0.5750
   2700,         0.5750
   2701,         0.5750
   2702,         0.5750
   2703,         0.5750
   2704,         0.5750
   2705,         0.5750
   2706,         0.5750
   2707,         0.5750
   2708,         0.5750
   2709,         0.5750
   2710,         0.5750
   2711,         0.5750
   2712,         0.5750
   2713,         0.5750
   2714,         0.5750
   2715,         0.5750
   2716,         0.5750
   2717,         0.5750
   2718,         0.5750
   2719,         0.5750
   2720,         0.5750
   2721,         0.5750
   2722,         0.5750
   2723,         0.5750
   2724,         0.5750
   2725,         0.5750
   2726,         0.5750
   2727,         0.5750
   2728,         0.5750
   2729,         0.5750
   2730,         0.5750
   2731,         0.5750
   2732,         0.5750
   2733,         0.5750
   2734,         0.5750
   2735,         0.5750
   2736,         0.5750
   2737,         0.5750
   2738,         0.5750
   2739,         0.5750
   2740,         0.5750
   2741,         0.5750
   2742,         0.5750
   2743,         0.5750
   2744,         0.5750
   2745,         0.5750
   2746,         0.5750
   2747,         0.5750
   2748,         0.5750
   2749,         0.5750
   2750,         0.5750
   2751,         0.5750
   2752,         0.5750
   2753,         0.5750
   2754,         0.5750
   2755,         0.5750
   2756,         0.5750
   2757,         0.5750
   2758,         0.5750
   2759,         0.5750
   2760,         0.5750
   2761,         0.5750
   2762,         0.5750
   2763,         0.5750
   2764,         0.5750
   2765,         0.5750
   2766,         0.5750
   2767,         0.5750
   2768,         0.5750
   2769,         0.5750
   2770,         0.5750
   2771,         0.5750
   2772,         0.5750
   2773,         0.5750
   2774,         0.5750
   2775,         0.5750
   2776,         0.5750
   2777,         0.5750
   2778,         0.5750
   2779,         0.5750
   2780,         0.5750
   2781,         0.5750
   2782,         0.5750
   2783,         0.5750
   2784,         0.5750
   2785,         0.5750
   2786,         0.5750
   2787,         0.5750
   2788,         0.5750
   2789,         0.5750
   2790,         0.5750
   2791,         0.5750
   2792,         0.5750
   2793,         0.5750
   2794,         0.5750
   2795,         0.5750
   2796,         0.5750
   2797,         0.5750
   2798,         0.5750
   2799,         0.5750
   2800,         0.5750
   2801,         0.5750
   2802,         0.5750
   2803,         0.5750
   2804,         0.5750
   2805,         0.5750
   2806,         0.5750
   2807,         0.5750
   2808,         0.5750
   2809,         0.5750
   2810,         0.5750
   2811,         0.5750
   2812,         0.5750
   2813,         0.5750
   2814,         0.5750
   2815,         0.5750
   2816,         0.5750
   2817,         0.5750
   2818,         0.5750
   2819,         0.5750
   2820,         0.5750
   2821,         0.5750
   2822,         0.5750
   2823,         0.5750
   2824,         0.5750
   2825,         0.5750
   2826,         0.5750
   2827,         0.5750
   2828,         0.5750
   2829,         0.5750
   2830,         0.5750
   2831,         0.5750
   2832,         0.5750
   2833,         0.5750
   2834,         0.5750
   2835,         0.5750
   2836,         0.5750
   2837,         0.5750
   2838,         0.5750
   2839,         0.5750
   2840,         0.5750
   2841,         0.5750
   2842,         0.5750
   2843,         0.5750
   2844,         0.5750
   2845,         0.5750
   2846,         0.5750
   2847,         0.5750
   2848,         0.5750
   2849,         0.5750
   2850,         0.5750
   2851,         0.5750
   2852,         0.5750
   2853,         0.5750
   2854,         0.5750
   2855,         0.5750
   2856,         0.5750
   2857,         0.5750
   2858,         0.5750
   2859,         0.5750
   2860,         0.5750
   2861,         0.5750
   2862,         0.5750
   2863,         0.5750
   2864,         0.5750
   2865,         0.5750
   2866,         0.5750
   2867,         0.5750
   2868,         0.5750
   2869,         0.5750
   2870,         0.5750
   2871,         0.5750
   2872,         0.5750
   2873,         0.5750
   2874,         0.5750
   2875,         0.5750
   2876,         0.5750
   2877,         0.5750
   2878,         0.5750
   2879,         0.5750
   2880,         0.5750
   2881,         0.5750
   2882,         0.5750
   2883,         0.5750
   2884,         0.5750
   2885,         0.5750
   2886,         0.5750
   2887,         0.5750
   2888,         0.5750
   2889,         0.5750
   2890,         0.5750
   2891,         0.5750
   2892,         0.5750
   2893,         0.5750
   2894,         0.5750
   2895,         0.5750
   2896,         0.5750
   2897,         0.5750
   2898,         0.5750
   2899,         0.5750
   2900,         0.5750
   2901,         0.5750
   2902,         0.5750
   2903,         0.5750
   2904,         0.5750
   2905,         0.5750
   2906,         0.5750
   2907,         0.5750
   2908,         0.5750
   2909,         0.5750
   2910,         0.5750
   2911,         0.5750
   2912,         0.5750
   2913,         0.5750
   2914,         0.5750
   2915,         0.5750
   2916,         0.5750
   2917,         0.5750
   2918,         0.5750
   2919,         0.5750
   2920,         0.5750
   2921,         0.5750
   2922,         0.5750
